/*--------------------------------*- C++ -*----------------------------------*\
| =========                 |                                                 |
| \\      /  F ield         | OpenFOAM: The Open Source CFD Toolbox           |
|  \\    /   O peration     | Version:  2412                                  |
|   \\  /    A nd           | Website:  www.openfoam.com                      |
|    \\/     M anipulation  |                                                 |
\*---------------------------------------------------------------------------*/
FoamFile
{
    version     2.0;
    format      ascii;
    arch        "LSB;label=32;scalar=64";
    note        "nPoints:7956  nCells:6250  nFaces:20375  nInternalFaces:17125";
    class       labelList;
    location    "constant/polyMesh";
    object      neighbour;
}
// * * * * * * * * * * * * * * * * * * * * * * * * * * * * * * * * * * * * * //


17125
(
1
50
1250
2
51
1251
3
52
1252
4
53
1253
5
54
1254
6
55
1255
7
56
1256
8
57
1257
9
58
1258
10
59
1259
11
60
1260
12
61
1261
13
62
1262
14
63
1263
15
64
1264
16
65
1265
17
66
1266
18
67
1267
19
68
1268
20
69
1269
21
70
1270
22
71
1271
23
72
1272
24
73
1273
25
74
1274
26
75
1275
27
76
1276
28
77
1277
29
78
1278
30
79
1279
31
80
1280
32
81
1281
33
82
1282
34
83
1283
35
84
1284
36
85
1285
37
86
1286
38
87
1287
39
88
1288
40
89
1289
41
90
1290
42
91
1291
43
92
1292
44
93
1293
45
94
1294
46
95
1295
47
96
1296
48
97
1297
49
98
1298
99
1299
51
100
1300
52
101
1301
53
102
1302
54
103
1303
55
104
1304
56
105
1305
57
106
1306
58
107
1307
59
108
1308
60
109
1309
61
110
1310
62
111
1311
63
112
1312
64
113
1313
65
114
1314
66
115
1315
67
116
1316
68
117
1317
69
118
1318
70
119
1319
71
120
1320
72
121
1321
73
122
1322
74
123
1323
75
124
1324
76
125
1325
77
126
1326
78
127
1327
79
128
1328
80
129
1329
81
130
1330
82
131
1331
83
132
1332
84
133
1333
85
134
1334
86
135
1335
87
136
1336
88
137
1337
89
138
1338
90
139
1339
91
140
1340
92
141
1341
93
142
1342
94
143
1343
95
144
1344
96
145
1345
97
146
1346
98
147
1347
99
148
1348
149
1349
101
150
1350
102
151
1351
103
152
1352
104
153
1353
105
154
1354
106
155
1355
107
156
1356
108
157
1357
109
158
1358
110
159
1359
111
160
1360
112
161
1361
113
162
1362
114
163
1363
115
164
1364
116
165
1365
117
166
1366
118
167
1367
119
168
1368
120
169
1369
121
170
1370
122
171
1371
123
172
1372
124
173
1373
125
174
1374
126
175
1375
127
176
1376
128
177
1377
129
178
1378
130
179
1379
131
180
1380
132
181
1381
133
182
1382
134
183
1383
135
184
1384
136
185
1385
137
186
1386
138
187
1387
139
188
1388
140
189
1389
141
190
1390
142
191
1391
143
192
1392
144
193
1393
145
194
1394
146
195
1395
147
196
1396
148
197
1397
149
198
1398
199
1399
151
200
1400
152
201
1401
153
202
1402
154
203
1403
155
204
1404
156
205
1405
157
206
1406
158
207
1407
159
208
1408
160
209
1409
161
210
1410
162
211
1411
163
212
1412
164
213
1413
165
214
1414
166
215
1415
167
216
1416
168
217
1417
169
218
1418
170
219
1419
171
220
1420
172
221
1421
173
222
1422
174
223
1423
175
224
1424
176
225
1425
177
226
1426
178
227
1427
179
228
1428
180
229
1429
181
230
1430
182
231
1431
183
232
1432
184
233
1433
185
234
1434
186
235
1435
187
236
1436
188
237
1437
189
238
1438
190
239
1439
191
240
1440
192
241
1441
193
242
1442
194
243
1443
195
244
1444
196
245
1445
197
246
1446
198
247
1447
199
248
1448
249
1449
201
250
1450
202
251
1451
203
252
1452
204
253
1453
205
254
1454
206
255
1455
207
256
1456
208
257
1457
209
258
1458
210
259
1459
211
260
1460
212
261
1461
213
262
1462
214
263
1463
215
264
1464
216
265
1465
217
266
1466
218
267
1467
219
268
1468
220
269
1469
221
270
1470
222
271
1471
223
272
1472
224
273
1473
225
274
1474
226
275
1475
227
276
1476
228
277
1477
229
278
1478
230
279
1479
231
280
1480
232
281
1481
233
282
1482
234
283
1483
235
284
1484
236
285
1485
237
286
1486
238
287
1487
239
288
1488
240
289
1489
241
290
1490
242
291
1491
243
292
1492
244
293
1493
245
294
1494
246
295
1495
247
296
1496
248
297
1497
249
298
1498
299
1499
251
300
1500
252
301
1501
253
302
1502
254
303
1503
255
304
1504
256
305
1505
257
306
1506
258
307
1507
259
308
1508
260
309
1509
261
310
1510
262
311
1511
263
312
1512
264
313
1513
265
314
1514
266
315
1515
267
316
1516
268
317
1517
269
318
1518
270
319
1519
271
320
1520
272
321
1521
273
322
1522
274
323
1523
275
324
1524
276
325
1525
277
326
1526
278
327
1527
279
328
1528
280
329
1529
281
330
1530
282
331
1531
283
332
1532
284
333
1533
285
334
1534
286
335
1535
287
336
1536
288
337
1537
289
338
1538
290
339
1539
291
340
1540
292
341
1541
293
342
1542
294
343
1543
295
344
1544
296
345
1545
297
346
1546
298
347
1547
299
348
1548
349
1549
301
350
1550
302
351
1551
303
352
1552
304
353
1553
305
354
1554
306
355
1555
307
356
1556
308
357
1557
309
358
1558
310
359
1559
311
360
1560
312
361
1561
313
362
1562
314
363
1563
315
364
1564
316
365
1565
317
366
1566
318
367
1567
319
368
1568
320
369
1569
321
370
1570
322
371
1571
323
372
1572
324
373
1573
325
374
1574
326
375
1575
327
376
1576
328
377
1577
329
378
1578
330
379
1579
331
380
1580
332
381
1581
333
382
1582
334
383
1583
335
384
1584
336
385
1585
337
386
1586
338
387
1587
339
388
1588
340
389
1589
341
390
1590
342
391
1591
343
392
1592
344
393
1593
345
394
1594
346
395
1595
347
396
1596
348
397
1597
349
398
1598
399
1599
351
400
1600
352
401
1601
353
402
1602
354
403
1603
355
404
1604
356
405
1605
357
406
1606
358
407
1607
359
408
1608
360
409
1609
361
410
1610
362
411
1611
363
412
1612
364
413
1613
365
414
1614
366
415
1615
367
416
1616
368
417
1617
369
418
1618
370
419
1619
371
420
1620
372
421
1621
373
422
1622
374
423
1623
375
424
1624
376
425
1625
377
426
1626
378
427
1627
379
428
1628
380
429
1629
381
430
1630
382
431
1631
383
432
1632
384
433
1633
385
434
1634
386
435
1635
387
436
1636
388
437
1637
389
438
1638
390
439
1639
391
440
1640
392
441
1641
393
442
1642
394
443
1643
395
444
1644
396
445
1645
397
446
1646
398
447
1647
399
448
1648
449
1649
401
450
1650
402
451
1651
403
452
1652
404
453
1653
405
454
1654
406
455
1655
407
456
1656
408
457
1657
409
458
1658
410
459
1659
411
460
1660
412
461
1661
413
462
1662
414
463
1663
415
464
1664
416
465
1665
417
466
1666
418
467
1667
419
468
1668
420
469
1669
421
470
1670
422
471
1671
423
472
1672
424
473
1673
425
474
1674
426
475
1675
427
476
1676
428
477
1677
429
478
1678
430
479
1679
431
480
1680
432
481
1681
433
482
1682
434
483
1683
435
484
1684
436
485
1685
437
486
1686
438
487
1687
439
488
1688
440
489
1689
441
490
1690
442
491
1691
443
492
1692
444
493
1693
445
494
1694
446
495
1695
447
496
1696
448
497
1697
449
498
1698
499
1699
451
500
1700
452
501
1701
453
502
1702
454
503
1703
455
504
1704
456
505
1705
457
506
1706
458
507
1707
459
508
1708
460
509
1709
461
510
1710
462
511
1711
463
512
1712
464
513
1713
465
514
1714
466
515
1715
467
516
1716
468
517
1717
469
518
1718
470
519
1719
471
520
1720
472
521
1721
473
522
1722
474
523
1723
475
524
1724
476
525
1725
477
526
1726
478
527
1727
479
528
1728
480
529
1729
481
530
1730
482
531
1731
483
532
1732
484
533
1733
485
534
1734
486
535
1735
487
536
1736
488
537
1737
489
538
1738
490
539
1739
491
540
1740
492
541
1741
493
542
1742
494
543
1743
495
544
1744
496
545
1745
497
546
1746
498
547
1747
499
548
1748
549
1749
501
550
1750
502
551
1751
503
552
1752
504
553
1753
505
554
1754
506
555
1755
507
556
1756
508
557
1757
509
558
1758
510
559
1759
511
560
1760
512
561
1761
513
562
1762
514
563
1763
515
564
1764
516
565
1765
517
566
1766
518
567
1767
519
568
1768
520
569
1769
521
570
1770
522
571
1771
523
572
1772
524
573
1773
525
574
1774
526
575
1775
527
576
1776
528
577
1777
529
578
1778
530
579
1779
531
580
1780
532
581
1781
533
582
1782
534
583
1783
535
584
1784
536
585
1785
537
586
1786
538
587
1787
539
588
1788
540
589
1789
541
590
1790
542
591
1791
543
592
1792
544
593
1793
545
594
1794
546
595
1795
547
596
1796
548
597
1797
549
598
1798
599
1799
551
600
1800
552
601
1801
553
602
1802
554
603
1803
555
604
1804
556
605
1805
557
606
1806
558
607
1807
559
608
1808
560
609
1809
561
610
1810
562
611
1811
563
612
1812
564
613
1813
565
614
1814
566
615
1815
567
616
1816
568
617
1817
569
618
1818
570
619
1819
571
620
1820
572
621
1821
573
622
1822
574
623
1823
575
624
1824
576
625
1825
577
626
1826
578
627
1827
579
628
1828
580
629
1829
581
630
1830
582
631
1831
583
632
1832
584
633
1833
585
634
1834
586
635
1835
587
636
1836
588
637
1837
589
638
1838
590
639
1839
591
640
1840
592
641
1841
593
642
1842
594
643
1843
595
644
1844
596
645
1845
597
646
1846
598
647
1847
599
648
1848
649
1849
601
650
1850
602
651
1851
603
652
1852
604
653
1853
605
654
1854
606
655
1855
607
656
1856
608
657
1857
609
658
1858
610
659
1859
611
660
1860
612
661
1861
613
662
1862
614
663
1863
615
664
1864
616
665
1865
617
666
1866
618
667
1867
619
668
1868
620
669
1869
621
670
1870
622
671
1871
623
672
1872
624
673
1873
625
674
1874
626
675
1875
627
676
1876
628
677
1877
629
678
1878
630
679
1879
631
680
1880
632
681
1881
633
682
1882
634
683
1883
635
684
1884
636
685
1885
637
686
1886
638
687
1887
639
688
1888
640
689
1889
641
690
1890
642
691
1891
643
692
1892
644
693
1893
645
694
1894
646
695
1895
647
696
1896
648
697
1897
649
698
1898
699
1899
651
700
1900
652
701
1901
653
702
1902
654
703
1903
655
704
1904
656
705
1905
657
706
1906
658
707
1907
659
708
1908
660
709
1909
661
710
1910
662
711
1911
663
712
1912
664
713
1913
665
714
1914
666
715
1915
667
716
1916
668
717
1917
669
718
1918
670
719
1919
671
720
1920
672
721
1921
673
722
1922
674
723
1923
675
724
1924
676
725
1925
677
726
1926
678
727
1927
679
728
1928
680
729
1929
681
730
1930
682
731
1931
683
732
1932
684
733
1933
685
734
1934
686
735
1935
687
736
1936
688
737
1937
689
738
1938
690
739
1939
691
740
1940
692
741
1941
693
742
1942
694
743
1943
695
744
1944
696
745
1945
697
746
1946
698
747
1947
699
748
1948
749
1949
701
750
1950
702
751
1951
703
752
1952
704
753
1953
705
754
1954
706
755
1955
707
756
1956
708
757
1957
709
758
1958
710
759
1959
711
760
1960
712
761
1961
713
762
1962
714
763
1963
715
764
1964
716
765
1965
717
766
1966
718
767
1967
719
768
1968
720
769
1969
721
770
1970
722
771
1971
723
772
1972
724
773
1973
725
774
1974
726
775
1975
727
776
1976
728
777
1977
729
778
1978
730
779
1979
731
780
1980
732
781
1981
733
782
1982
734
783
1983
735
784
1984
736
785
1985
737
786
1986
738
787
1987
739
788
1988
740
789
1989
741
790
1990
742
791
1991
743
792
1992
744
793
1993
745
794
1994
746
795
1995
747
796
1996
748
797
1997
749
798
1998
799
1999
751
800
2000
752
801
2001
753
802
2002
754
803
2003
755
804
2004
756
805
2005
757
806
2006
758
807
2007
759
808
2008
760
809
2009
761
810
2010
762
811
2011
763
812
2012
764
813
2013
765
814
2014
766
815
2015
767
816
2016
768
817
2017
769
818
2018
770
819
2019
771
820
2020
772
821
2021
773
822
2022
774
823
2023
775
824
2024
776
825
2025
777
826
2026
778
827
2027
779
828
2028
780
829
2029
781
830
2030
782
831
2031
783
832
2032
784
833
2033
785
834
2034
786
835
2035
787
836
2036
788
837
2037
789
838
2038
790
839
2039
791
840
2040
792
841
2041
793
842
2042
794
843
2043
795
844
2044
796
845
2045
797
846
2046
798
847
2047
799
848
2048
849
2049
801
850
2050
802
851
2051
803
852
2052
804
853
2053
805
854
2054
806
855
2055
807
856
2056
808
857
2057
809
858
2058
810
859
2059
811
860
2060
812
861
2061
813
862
2062
814
863
2063
815
864
2064
816
865
2065
817
866
2066
818
867
2067
819
868
2068
820
869
2069
821
870
2070
822
871
2071
823
872
2072
824
873
2073
825
874
2074
826
875
2075
827
876
2076
828
877
2077
829
878
2078
830
879
2079
831
880
2080
832
881
2081
833
882
2082
834
883
2083
835
884
2084
836
885
2085
837
886
2086
838
887
2087
839
888
2088
840
889
2089
841
890
2090
842
891
2091
843
892
2092
844
893
2093
845
894
2094
846
895
2095
847
896
2096
848
897
2097
849
898
2098
899
2099
851
900
2100
852
901
2101
853
902
2102
854
903
2103
855
904
2104
856
905
2105
857
906
2106
858
907
2107
859
908
2108
860
909
2109
861
910
2110
862
911
2111
863
912
2112
864
913
2113
865
914
2114
866
915
2115
867
916
2116
868
917
2117
869
918
2118
870
919
2119
871
920
2120
872
921
2121
873
922
2122
874
923
2123
875
924
2124
876
925
2125
877
926
2126
878
927
2127
879
928
2128
880
929
2129
881
930
2130
882
931
2131
883
932
2132
884
933
2133
885
934
2134
886
935
2135
887
936
2136
888
937
2137
889
938
2138
890
939
2139
891
940
2140
892
941
2141
893
942
2142
894
943
2143
895
944
2144
896
945
2145
897
946
2146
898
947
2147
899
948
2148
949
2149
901
950
2150
902
951
2151
903
952
2152
904
953
2153
905
954
2154
906
955
2155
907
956
2156
908
957
2157
909
958
2158
910
959
2159
911
960
2160
912
961
2161
913
962
2162
914
963
2163
915
964
2164
916
965
2165
917
966
2166
918
967
2167
919
968
2168
920
969
2169
921
970
2170
922
971
2171
923
972
2172
924
973
2173
925
974
2174
926
975
2175
927
976
2176
928
977
2177
929
978
2178
930
979
2179
931
980
2180
932
981
2181
933
982
2182
934
983
2183
935
984
2184
936
985
2185
937
986
2186
938
987
2187
939
988
2188
940
989
2189
941
990
2190
942
991
2191
943
992
2192
944
993
2193
945
994
2194
946
995
2195
947
996
2196
948
997
2197
949
998
2198
999
2199
951
1000
2200
952
1001
2201
953
1002
2202
954
1003
2203
955
1004
2204
956
1005
2205
957
1006
2206
958
1007
2207
959
1008
2208
960
1009
2209
961
1010
2210
962
1011
2211
963
1012
2212
964
1013
2213
965
1014
2214
966
1015
2215
967
1016
2216
968
1017
2217
969
1018
2218
970
1019
2219
971
1020
2220
972
1021
2221
973
1022
2222
974
1023
2223
975
1024
2224
976
1025
2225
977
1026
2226
978
1027
2227
979
1028
2228
980
1029
2229
981
1030
2230
982
1031
2231
983
1032
2232
984
1033
2233
985
1034
2234
986
1035
2235
987
1036
2236
988
1037
2237
989
1038
2238
990
1039
2239
991
1040
2240
992
1041
2241
993
1042
2242
994
1043
2243
995
1044
2244
996
1045
2245
997
1046
2246
998
1047
2247
999
1048
2248
1049
2249
1001
1050
2250
1002
1051
2251
1003
1052
2252
1004
1053
2253
1005
1054
2254
1006
1055
2255
1007
1056
2256
1008
1057
2257
1009
1058
2258
1010
1059
2259
1011
1060
2260
1012
1061
2261
1013
1062
2262
1014
1063
2263
1015
1064
2264
1016
1065
2265
1017
1066
2266
1018
1067
2267
1019
1068
2268
1020
1069
2269
1021
1070
2270
1022
1071
2271
1023
1072
2272
1024
1073
2273
1025
1074
2274
1026
1075
2275
1027
1076
2276
1028
1077
2277
1029
1078
2278
1030
1079
2279
1031
1080
2280
1032
1081
2281
1033
1082
2282
1034
1083
2283
1035
1084
2284
1036
1085
2285
1037
1086
2286
1038
1087
2287
1039
1088
2288
1040
1089
2289
1041
1090
2290
1042
1091
2291
1043
1092
2292
1044
1093
2293
1045
1094
2294
1046
1095
2295
1047
1096
2296
1048
1097
2297
1049
1098
2298
1099
2299
1051
1100
2300
1052
1101
2301
1053
1102
2302
1054
1103
2303
1055
1104
2304
1056
1105
2305
1057
1106
2306
1058
1107
2307
1059
1108
2308
1060
1109
2309
1061
1110
2310
1062
1111
2311
1063
1112
2312
1064
1113
2313
1065
1114
2314
1066
1115
2315
1067
1116
2316
1068
1117
2317
1069
1118
2318
1070
1119
2319
1071
1120
2320
1072
1121
2321
1073
1122
2322
1074
1123
2323
1075
1124
2324
1076
1125
2325
1077
1126
2326
1078
1127
2327
1079
1128
2328
1080
1129
2329
1081
1130
2330
1082
1131
2331
1083
1132
2332
1084
1133
2333
1085
1134
2334
1086
1135
2335
1087
1136
2336
1088
1137
2337
1089
1138
2338
1090
1139
2339
1091
1140
2340
1092
1141
2341
1093
1142
2342
1094
1143
2343
1095
1144
2344
1096
1145
2345
1097
1146
2346
1098
1147
2347
1099
1148
2348
1149
2349
1101
1150
2350
1102
1151
2351
1103
1152
2352
1104
1153
2353
1105
1154
2354
1106
1155
2355
1107
1156
2356
1108
1157
2357
1109
1158
2358
1110
1159
2359
1111
1160
2360
1112
1161
2361
1113
1162
2362
1114
1163
2363
1115
1164
2364
1116
1165
2365
1117
1166
2366
1118
1167
2367
1119
1168
2368
1120
1169
2369
1121
1170
2370
1122
1171
2371
1123
1172
2372
1124
1173
2373
1125
1174
2374
1126
1175
2375
1127
1176
2376
1128
1177
2377
1129
1178
2378
1130
1179
2379
1131
1180
2380
1132
1181
2381
1133
1182
2382
1134
1183
2383
1135
1184
2384
1136
1185
2385
1137
1186
2386
1138
1187
2387
1139
1188
2388
1140
1189
2389
1141
1190
2390
1142
1191
2391
1143
1192
2392
1144
1193
2393
1145
1194
2394
1146
1195
2395
1147
1196
2396
1148
1197
2397
1149
1198
2398
1199
2399
1151
1200
2400
1152
1201
2401
1153
1202
2402
1154
1203
2403
1155
1204
2404
1156
1205
2405
1157
1206
2406
1158
1207
2407
1159
1208
2408
1160
1209
2409
1161
1210
2410
1162
1211
2411
1163
1212
2412
1164
1213
2413
1165
1214
2414
1166
1215
2415
1167
1216
2416
1168
1217
2417
1169
1218
2418
1170
1219
2419
1171
1220
2420
1172
1221
2421
1173
1222
2422
1174
1223
2423
1175
1224
2424
1176
1225
2425
1177
1226
2426
1178
1227
2427
1179
1228
2428
1180
1229
2429
1181
1230
2430
1182
1231
2431
1183
1232
2432
1184
1233
2433
1185
1234
2434
1186
1235
2435
1187
1236
2436
1188
1237
2437
1189
1238
2438
1190
1239
2439
1191
1240
2440
1192
1241
2441
1193
1242
2442
1194
1243
2443
1195
1244
2444
1196
1245
2445
1197
1246
2446
1198
1247
2447
1199
1248
2448
1249
2449
1201
2450
1202
2451
1203
2452
1204
2453
1205
2454
1206
2455
1207
2456
1208
2457
1209
2458
1210
2459
1211
2460
1212
2461
1213
2462
1214
2463
1215
2464
1216
2465
1217
2466
1218
2467
1219
2468
1220
2469
1221
2470
1222
2471
1223
2472
1224
2473
1225
2474
1226
2475
1227
2476
1228
2477
1229
2478
1230
2479
1231
2480
1232
2481
1233
2482
1234
2483
1235
2484
1236
2485
1237
2486
1238
2487
1239
2488
1240
2489
1241
2490
1242
2491
1243
2492
1244
2493
1245
2494
1246
2495
1247
2496
1248
2497
1249
2498
2499
1251
1300
2500
1252
1301
2501
1253
1302
2502
1254
1303
2503
1255
1304
2504
1256
1305
2505
1257
1306
2506
1258
1307
2507
1259
1308
2508
1260
1309
2509
1261
1310
2510
1262
1311
2511
1263
1312
2512
1264
1313
2513
1265
1314
2514
1266
1315
2515
1267
1316
2516
1268
1317
2517
1269
1318
2518
1270
1319
2519
1271
1320
2520
1272
1321
2521
1273
1322
2522
1274
1323
2523
1275
1324
2524
1276
1325
2525
1277
1326
2526
1278
1327
2527
1279
1328
2528
1280
1329
2529
1281
1330
2530
1282
1331
2531
1283
1332
2532
1284
1333
2533
1285
1334
2534
1286
1335
2535
1287
1336
2536
1288
1337
2537
1289
1338
2538
1290
1339
2539
1291
1340
2540
1292
1341
2541
1293
1342
2542
1294
1343
2543
1295
1344
2544
1296
1345
2545
1297
1346
2546
1298
1347
2547
1299
1348
2548
1349
2549
1301
1350
2550
1302
1351
2551
1303
1352
2552
1304
1353
2553
1305
1354
2554
1306
1355
2555
1307
1356
2556
1308
1357
2557
1309
1358
2558
1310
1359
2559
1311
1360
2560
1312
1361
2561
1313
1362
2562
1314
1363
2563
1315
1364
2564
1316
1365
2565
1317
1366
2566
1318
1367
2567
1319
1368
2568
1320
1369
2569
1321
1370
2570
1322
1371
2571
1323
1372
2572
1324
1373
2573
1325
1374
2574
1326
1375
2575
1327
1376
2576
1328
1377
2577
1329
1378
2578
1330
1379
2579
1331
1380
2580
1332
1381
2581
1333
1382
2582
1334
1383
2583
1335
1384
2584
1336
1385
2585
1337
1386
2586
1338
1387
2587
1339
1388
2588
1340
1389
2589
1341
1390
2590
1342
1391
2591
1343
1392
2592
1344
1393
2593
1345
1394
2594
1346
1395
2595
1347
1396
2596
1348
1397
2597
1349
1398
2598
1399
2599
1351
1400
2600
1352
1401
2601
1353
1402
2602
1354
1403
2603
1355
1404
2604
1356
1405
2605
1357
1406
2606
1358
1407
2607
1359
1408
2608
1360
1409
2609
1361
1410
2610
1362
1411
2611
1363
1412
2612
1364
1413
2613
1365
1414
2614
1366
1415
2615
1367
1416
2616
1368
1417
2617
1369
1418
2618
1370
1419
2619
1371
1420
2620
1372
1421
2621
1373
1422
2622
1374
1423
2623
1375
1424
2624
1376
1425
2625
1377
1426
2626
1378
1427
2627
1379
1428
2628
1380
1429
2629
1381
1430
2630
1382
1431
2631
1383
1432
2632
1384
1433
2633
1385
1434
2634
1386
1435
2635
1387
1436
2636
1388
1437
2637
1389
1438
2638
1390
1439
2639
1391
1440
2640
1392
1441
2641
1393
1442
2642
1394
1443
2643
1395
1444
2644
1396
1445
2645
1397
1446
2646
1398
1447
2647
1399
1448
2648
1449
2649
1401
1450
2650
1402
1451
2651
1403
1452
2652
1404
1453
2653
1405
1454
2654
1406
1455
2655
1407
1456
2656
1408
1457
2657
1409
1458
2658
1410
1459
2659
1411
1460
2660
1412
1461
2661
1413
1462
2662
1414
1463
2663
1415
1464
2664
1416
1465
2665
1417
1466
2666
1418
1467
2667
1419
1468
2668
1420
1469
2669
1421
1470
2670
1422
1471
2671
1423
1472
2672
1424
1473
2673
1425
1474
2674
1426
1475
2675
1427
1476
2676
1428
1477
2677
1429
1478
2678
1430
1479
2679
1431
1480
2680
1432
1481
2681
1433
1482
2682
1434
1483
2683
1435
1484
2684
1436
1485
2685
1437
1486
2686
1438
1487
2687
1439
1488
2688
1440
1489
2689
1441
1490
2690
1442
1491
2691
1443
1492
2692
1444
1493
2693
1445
1494
2694
1446
1495
2695
1447
1496
2696
1448
1497
2697
1449
1498
2698
1499
2699
1451
1500
2700
1452
1501
2701
1453
1502
2702
1454
1503
2703
1455
1504
2704
1456
1505
2705
1457
1506
2706
1458
1507
2707
1459
1508
2708
1460
1509
2709
1461
1510
2710
1462
1511
2711
1463
1512
2712
1464
1513
2713
1465
1514
2714
1466
1515
2715
1467
1516
2716
1468
1517
2717
1469
1518
2718
1470
1519
2719
1471
1520
2720
1472
1521
2721
1473
1522
2722
1474
1523
2723
1475
1524
2724
1476
1525
2725
1477
1526
2726
1478
1527
2727
1479
1528
2728
1480
1529
2729
1481
1530
2730
1482
1531
2731
1483
1532
2732
1484
1533
2733
1485
1534
2734
1486
1535
2735
1487
1536
2736
1488
1537
2737
1489
1538
2738
1490
1539
2739
1491
1540
2740
1492
1541
2741
1493
1542
2742
1494
1543
2743
1495
1544
2744
1496
1545
2745
1497
1546
2746
1498
1547
2747
1499
1548
2748
1549
2749
1501
1550
2750
1502
1551
2751
1503
1552
2752
1504
1553
2753
1505
1554
2754
1506
1555
2755
1507
1556
2756
1508
1557
2757
1509
1558
2758
1510
1559
2759
1511
1560
2760
1512
1561
2761
1513
1562
2762
1514
1563
2763
1515
1564
2764
1516
1565
2765
1517
1566
2766
1518
1567
2767
1519
1568
2768
1520
1569
2769
1521
1570
2770
1522
1571
2771
1523
1572
2772
1524
1573
2773
1525
1574
2774
1526
1575
2775
1527
1576
2776
1528
1577
2777
1529
1578
2778
1530
1579
2779
1531
1580
2780
1532
1581
2781
1533
1582
2782
1534
1583
2783
1535
1584
2784
1536
1585
2785
1537
1586
2786
1538
1587
2787
1539
1588
2788
1540
1589
2789
1541
1590
2790
1542
1591
2791
1543
1592
2792
1544
1593
2793
1545
1594
2794
1546
1595
2795
1547
1596
2796
1548
1597
2797
1549
1598
2798
1599
2799
1551
1600
2800
1552
1601
2801
1553
1602
2802
1554
1603
2803
1555
1604
2804
1556
1605
2805
1557
1606
2806
1558
1607
2807
1559
1608
2808
1560
1609
2809
1561
1610
2810
1562
1611
2811
1563
1612
2812
1564
1613
2813
1565
1614
2814
1566
1615
2815
1567
1616
2816
1568
1617
2817
1569
1618
2818
1570
1619
2819
1571
1620
2820
1572
1621
2821
1573
1622
2822
1574
1623
2823
1575
1624
2824
1576
1625
2825
1577
1626
2826
1578
1627
2827
1579
1628
2828
1580
1629
2829
1581
1630
2830
1582
1631
2831
1583
1632
2832
1584
1633
2833
1585
1634
2834
1586
1635
2835
1587
1636
2836
1588
1637
2837
1589
1638
2838
1590
1639
2839
1591
1640
2840
1592
1641
2841
1593
1642
2842
1594
1643
2843
1595
1644
2844
1596
1645
2845
1597
1646
2846
1598
1647
2847
1599
1648
2848
1649
2849
1601
1650
2850
1602
1651
2851
1603
1652
2852
1604
1653
2853
1605
1654
2854
1606
1655
2855
1607
1656
2856
1608
1657
2857
1609
1658
2858
1610
1659
2859
1611
1660
2860
1612
1661
2861
1613
1662
2862
1614
1663
2863
1615
1664
2864
1616
1665
2865
1617
1666
2866
1618
1667
2867
1619
1668
2868
1620
1669
2869
1621
1670
2870
1622
1671
2871
1623
1672
2872
1624
1673
2873
1625
1674
2874
1626
1675
2875
1627
1676
2876
1628
1677
2877
1629
1678
2878
1630
1679
2879
1631
1680
2880
1632
1681
2881
1633
1682
2882
1634
1683
2883
1635
1684
2884
1636
1685
2885
1637
1686
2886
1638
1687
2887
1639
1688
2888
1640
1689
2889
1641
1690
2890
1642
1691
2891
1643
1692
2892
1644
1693
2893
1645
1694
2894
1646
1695
2895
1647
1696
2896
1648
1697
2897
1649
1698
2898
1699
2899
1651
1700
2900
1652
1701
2901
1653
1702
2902
1654
1703
2903
1655
1704
2904
1656
1705
2905
1657
1706
2906
1658
1707
2907
1659
1708
2908
1660
1709
2909
1661
1710
2910
1662
1711
2911
1663
1712
2912
1664
1713
2913
1665
1714
2914
1666
1715
2915
1667
1716
2916
1668
1717
2917
1669
1718
2918
1670
1719
2919
1671
1720
2920
1672
1721
2921
1673
1722
2922
1674
1723
2923
1675
1724
2924
1676
1725
2925
1677
1726
2926
1678
1727
2927
1679
1728
2928
1680
1729
2929
1681
1730
2930
1682
1731
2931
1683
1732
2932
1684
1733
2933
1685
1734
2934
1686
1735
2935
1687
1736
2936
1688
1737
2937
1689
1738
2938
1690
1739
2939
1691
1740
2940
1692
1741
2941
1693
1742
2942
1694
1743
2943
1695
1744
2944
1696
1745
2945
1697
1746
2946
1698
1747
2947
1699
1748
2948
1749
2949
1701
1750
2950
1702
1751
2951
1703
1752
2952
1704
1753
2953
1705
1754
2954
1706
1755
2955
1707
1756
2956
1708
1757
2957
1709
1758
2958
1710
1759
2959
1711
1760
2960
1712
1761
2961
1713
1762
2962
1714
1763
2963
1715
1764
2964
1716
1765
2965
1717
1766
2966
1718
1767
2967
1719
1768
2968
1720
1769
2969
1721
1770
2970
1722
1771
2971
1723
1772
2972
1724
1773
2973
1725
1774
2974
1726
1775
2975
1727
1776
2976
1728
1777
2977
1729
1778
2978
1730
1779
2979
1731
1780
2980
1732
1781
2981
1733
1782
2982
1734
1783
2983
1735
1784
2984
1736
1785
2985
1737
1786
2986
1738
1787
2987
1739
1788
2988
1740
1789
2989
1741
1790
2990
1742
1791
2991
1743
1792
2992
1744
1793
2993
1745
1794
2994
1746
1795
2995
1747
1796
2996
1748
1797
2997
1749
1798
2998
1799
2999
1751
1800
3000
1752
1801
3001
1753
1802
3002
1754
1803
3003
1755
1804
3004
1756
1805
3005
1757
1806
3006
1758
1807
3007
1759
1808
3008
1760
1809
3009
1761
1810
3010
1762
1811
3011
1763
1812
3012
1764
1813
3013
1765
1814
3014
1766
1815
3015
1767
1816
3016
1768
1817
3017
1769
1818
3018
1770
1819
3019
1771
1820
3020
1772
1821
3021
1773
1822
3022
1774
1823
3023
1775
1824
3024
1776
1825
3025
1777
1826
3026
1778
1827
3027
1779
1828
3028
1780
1829
3029
1781
1830
3030
1782
1831
3031
1783
1832
3032
1784
1833
3033
1785
1834
3034
1786
1835
3035
1787
1836
3036
1788
1837
3037
1789
1838
3038
1790
1839
3039
1791
1840
3040
1792
1841
3041
1793
1842
3042
1794
1843
3043
1795
1844
3044
1796
1845
3045
1797
1846
3046
1798
1847
3047
1799
1848
3048
1849
3049
1801
1850
3050
1802
1851
3051
1803
1852
3052
1804
1853
3053
1805
1854
3054
1806
1855
3055
1807
1856
3056
1808
1857
3057
1809
1858
3058
1810
1859
3059
1811
1860
3060
1812
1861
3061
1813
1862
3062
1814
1863
3063
1815
1864
3064
1816
1865
3065
1817
1866
3066
1818
1867
3067
1819
1868
3068
1820
1869
3069
1821
1870
3070
1822
1871
3071
1823
1872
3072
1824
1873
3073
1825
1874
3074
1826
1875
3075
1827
1876
3076
1828
1877
3077
1829
1878
3078
1830
1879
3079
1831
1880
3080
1832
1881
3081
1833
1882
3082
1834
1883
3083
1835
1884
3084
1836
1885
3085
1837
1886
3086
1838
1887
3087
1839
1888
3088
1840
1889
3089
1841
1890
3090
1842
1891
3091
1843
1892
3092
1844
1893
3093
1845
1894
3094
1846
1895
3095
1847
1896
3096
1848
1897
3097
1849
1898
3098
1899
3099
1851
1900
3100
1852
1901
3101
1853
1902
3102
1854
1903
3103
1855
1904
3104
1856
1905
3105
1857
1906
3106
1858
1907
3107
1859
1908
3108
1860
1909
3109
1861
1910
3110
1862
1911
3111
1863
1912
3112
1864
1913
3113
1865
1914
3114
1866
1915
3115
1867
1916
3116
1868
1917
3117
1869
1918
3118
1870
1919
3119
1871
1920
3120
1872
1921
3121
1873
1922
3122
1874
1923
3123
1875
1924
3124
1876
1925
3125
1877
1926
3126
1878
1927
3127
1879
1928
3128
1880
1929
3129
1881
1930
3130
1882
1931
3131
1883
1932
3132
1884
1933
3133
1885
1934
3134
1886
1935
3135
1887
1936
3136
1888
1937
3137
1889
1938
3138
1890
1939
3139
1891
1940
3140
1892
1941
3141
1893
1942
3142
1894
1943
3143
1895
1944
3144
1896
1945
3145
1897
1946
3146
1898
1947
3147
1899
1948
3148
1949
3149
1901
1950
3150
1902
1951
3151
1903
1952
3152
1904
1953
3153
1905
1954
3154
1906
1955
3155
1907
1956
3156
1908
1957
3157
1909
1958
3158
1910
1959
3159
1911
1960
3160
1912
1961
3161
1913
1962
3162
1914
1963
3163
1915
1964
3164
1916
1965
3165
1917
1966
3166
1918
1967
3167
1919
1968
3168
1920
1969
3169
1921
1970
3170
1922
1971
3171
1923
1972
3172
1924
1973
3173
1925
1974
3174
1926
1975
3175
1927
1976
3176
1928
1977
3177
1929
1978
3178
1930
1979
3179
1931
1980
3180
1932
1981
3181
1933
1982
3182
1934
1983
3183
1935
1984
3184
1936
1985
3185
1937
1986
3186
1938
1987
3187
1939
1988
3188
1940
1989
3189
1941
1990
3190
1942
1991
3191
1943
1992
3192
1944
1993
3193
1945
1994
3194
1946
1995
3195
1947
1996
3196
1948
1997
3197
1949
1998
3198
1999
3199
1951
2000
3200
1952
2001
3201
1953
2002
3202
1954
2003
3203
1955
2004
3204
1956
2005
3205
1957
2006
3206
1958
2007
3207
1959
2008
3208
1960
2009
3209
1961
2010
3210
1962
2011
3211
1963
2012
3212
1964
2013
3213
1965
2014
3214
1966
2015
3215
1967
2016
3216
1968
2017
3217
1969
2018
3218
1970
2019
3219
1971
2020
3220
1972
2021
3221
1973
2022
3222
1974
2023
3223
1975
2024
3224
1976
2025
3225
1977
2026
3226
1978
2027
3227
1979
2028
3228
1980
2029
3229
1981
2030
3230
1982
2031
3231
1983
2032
3232
1984
2033
3233
1985
2034
3234
1986
2035
3235
1987
2036
3236
1988
2037
3237
1989
2038
3238
1990
2039
3239
1991
2040
3240
1992
2041
3241
1993
2042
3242
1994
2043
3243
1995
2044
3244
1996
2045
3245
1997
2046
3246
1998
2047
3247
1999
2048
3248
2049
3249
2001
2050
3250
2002
2051
3251
2003
2052
3252
2004
2053
3253
2005
2054
3254
2006
2055
3255
2007
2056
3256
2008
2057
3257
2009
2058
3258
2010
2059
3259
2011
2060
3260
2012
2061
3261
2013
2062
3262
2014
2063
3263
2015
2064
3264
2016
2065
3265
2017
2066
3266
2018
2067
3267
2019
2068
3268
2020
2069
3269
2021
2070
3270
2022
2071
3271
2023
2072
3272
2024
2073
3273
2025
2074
3274
2026
2075
3275
2027
2076
3276
2028
2077
3277
2029
2078
3278
2030
2079
3279
2031
2080
3280
2032
2081
3281
2033
2082
3282
2034
2083
3283
2035
2084
3284
2036
2085
3285
2037
2086
3286
2038
2087
3287
2039
2088
3288
2040
2089
3289
2041
2090
3290
2042
2091
3291
2043
2092
3292
2044
2093
3293
2045
2094
3294
2046
2095
3295
2047
2096
3296
2048
2097
3297
2049
2098
3298
2099
3299
2051
2100
3300
2052
2101
3301
2053
2102
3302
2054
2103
3303
2055
2104
3304
2056
2105
3305
2057
2106
3306
2058
2107
3307
2059
2108
3308
2060
2109
3309
2061
2110
3310
2062
2111
3311
2063
2112
3312
2064
2113
3313
2065
2114
3314
2066
2115
3315
2067
2116
3316
2068
2117
3317
2069
2118
3318
2070
2119
3319
2071
2120
3320
2072
2121
3321
2073
2122
3322
2074
2123
3323
2075
2124
3324
2076
2125
3325
2077
2126
3326
2078
2127
3327
2079
2128
3328
2080
2129
3329
2081
2130
3330
2082
2131
3331
2083
2132
3332
2084
2133
3333
2085
2134
3334
2086
2135
3335
2087
2136
3336
2088
2137
3337
2089
2138
3338
2090
2139
3339
2091
2140
3340
2092
2141
3341
2093
2142
3342
2094
2143
3343
2095
2144
3344
2096
2145
3345
2097
2146
3346
2098
2147
3347
2099
2148
3348
2149
3349
2101
2150
3350
2102
2151
3351
2103
2152
3352
2104
2153
3353
2105
2154
3354
2106
2155
3355
2107
2156
3356
2108
2157
3357
2109
2158
3358
2110
2159
3359
2111
2160
3360
2112
2161
3361
2113
2162
3362
2114
2163
3363
2115
2164
3364
2116
2165
3365
2117
2166
3366
2118
2167
3367
2119
2168
3368
2120
2169
3369
2121
2170
3370
2122
2171
3371
2123
2172
3372
2124
2173
3373
2125
2174
3374
2126
2175
3375
2127
2176
3376
2128
2177
3377
2129
2178
3378
2130
2179
3379
2131
2180
3380
2132
2181
3381
2133
2182
3382
2134
2183
3383
2135
2184
3384
2136
2185
3385
2137
2186
3386
2138
2187
3387
2139
2188
3388
2140
2189
3389
2141
2190
3390
2142
2191
3391
2143
2192
3392
2144
2193
3393
2145
2194
3394
2146
2195
3395
2147
2196
3396
2148
2197
3397
2149
2198
3398
2199
3399
2151
2200
3400
2152
2201
3401
2153
2202
3402
2154
2203
3403
2155
2204
3404
2156
2205
3405
2157
2206
3406
2158
2207
3407
2159
2208
3408
2160
2209
3409
2161
2210
3410
2162
2211
3411
2163
2212
3412
2164
2213
3413
2165
2214
3414
2166
2215
3415
2167
2216
3416
2168
2217
3417
2169
2218
3418
2170
2219
3419
2171
2220
3420
2172
2221
3421
2173
2222
3422
2174
2223
3423
2175
2224
3424
2176
2225
3425
2177
2226
3426
2178
2227
3427
2179
2228
3428
2180
2229
3429
2181
2230
3430
2182
2231
3431
2183
2232
3432
2184
2233
3433
2185
2234
3434
2186
2235
3435
2187
2236
3436
2188
2237
3437
2189
2238
3438
2190
2239
3439
2191
2240
3440
2192
2241
3441
2193
2242
3442
2194
2243
3443
2195
2244
3444
2196
2245
3445
2197
2246
3446
2198
2247
3447
2199
2248
3448
2249
3449
2201
2250
3450
2202
2251
3451
2203
2252
3452
2204
2253
3453
2205
2254
3454
2206
2255
3455
2207
2256
3456
2208
2257
3457
2209
2258
3458
2210
2259
3459
2211
2260
3460
2212
2261
3461
2213
2262
3462
2214
2263
3463
2215
2264
3464
2216
2265
3465
2217
2266
3466
2218
2267
3467
2219
2268
3468
2220
2269
3469
2221
2270
3470
2222
2271
3471
2223
2272
3472
2224
2273
3473
2225
2274
3474
2226
2275
3475
2227
2276
3476
2228
2277
3477
2229
2278
3478
2230
2279
3479
2231
2280
3480
2232
2281
3481
2233
2282
3482
2234
2283
3483
2235
2284
3484
2236
2285
3485
2237
2286
3486
2238
2287
3487
2239
2288
3488
2240
2289
3489
2241
2290
3490
2242
2291
3491
2243
2292
3492
2244
2293
3493
2245
2294
3494
2246
2295
3495
2247
2296
3496
2248
2297
3497
2249
2298
3498
2299
3499
2251
2300
3500
2252
2301
3501
2253
2302
3502
2254
2303
3503
2255
2304
3504
2256
2305
3505
2257
2306
3506
2258
2307
3507
2259
2308
3508
2260
2309
3509
2261
2310
3510
2262
2311
3511
2263
2312
3512
2264
2313
3513
2265
2314
3514
2266
2315
3515
2267
2316
3516
2268
2317
3517
2269
2318
3518
2270
2319
3519
2271
2320
3520
2272
2321
3521
2273
2322
3522
2274
2323
3523
2275
2324
3524
2276
2325
3525
2277
2326
3526
2278
2327
3527
2279
2328
3528
2280
2329
3529
2281
2330
3530
2282
2331
3531
2283
2332
3532
2284
2333
3533
2285
2334
3534
2286
2335
3535
2287
2336
3536
2288
2337
3537
2289
2338
3538
2290
2339
3539
2291
2340
3540
2292
2341
3541
2293
2342
3542
2294
2343
3543
2295
2344
3544
2296
2345
3545
2297
2346
3546
2298
2347
3547
2299
2348
3548
2349
3549
2301
2350
3550
2302
2351
3551
2303
2352
3552
2304
2353
3553
2305
2354
3554
2306
2355
3555
2307
2356
3556
2308
2357
3557
2309
2358
3558
2310
2359
3559
2311
2360
3560
2312
2361
3561
2313
2362
3562
2314
2363
3563
2315
2364
3564
2316
2365
3565
2317
2366
3566
2318
2367
3567
2319
2368
3568
2320
2369
3569
2321
2370
3570
2322
2371
3571
2323
2372
3572
2324
2373
3573
2325
2374
3574
2326
2375
3575
2327
2376
3576
2328
2377
3577
2329
2378
3578
2330
2379
3579
2331
2380
3580
2332
2381
3581
2333
2382
3582
2334
2383
3583
2335
2384
3584
2336
2385
3585
2337
2386
3586
2338
2387
3587
2339
2388
3588
2340
2389
3589
2341
2390
3590
2342
2391
3591
2343
2392
3592
2344
2393
3593
2345
2394
3594
2346
2395
3595
2347
2396
3596
2348
2397
3597
2349
2398
3598
2399
3599
2351
2400
3600
2352
2401
3601
2353
2402
3602
2354
2403
3603
2355
2404
3604
2356
2405
3605
2357
2406
3606
2358
2407
3607
2359
2408
3608
2360
2409
3609
2361
2410
3610
2362
2411
3611
2363
2412
3612
2364
2413
3613
2365
2414
3614
2366
2415
3615
2367
2416
3616
2368
2417
3617
2369
2418
3618
2370
2419
3619
2371
2420
3620
2372
2421
3621
2373
2422
3622
2374
2423
3623
2375
2424
3624
2376
2425
3625
2377
2426
3626
2378
2427
3627
2379
2428
3628
2380
2429
3629
2381
2430
3630
2382
2431
3631
2383
2432
3632
2384
2433
3633
2385
2434
3634
2386
2435
3635
2387
2436
3636
2388
2437
3637
2389
2438
3638
2390
2439
3639
2391
2440
3640
2392
2441
3641
2393
2442
3642
2394
2443
3643
2395
2444
3644
2396
2445
3645
2397
2446
3646
2398
2447
3647
2399
2448
3648
2449
3649
2401
2450
3650
2402
2451
3651
2403
2452
3652
2404
2453
3653
2405
2454
3654
2406
2455
3655
2407
2456
3656
2408
2457
3657
2409
2458
3658
2410
2459
3659
2411
2460
3660
2412
2461
3661
2413
2462
3662
2414
2463
3663
2415
2464
3664
2416
2465
3665
2417
2466
3666
2418
2467
3667
2419
2468
3668
2420
2469
3669
2421
2470
3670
2422
2471
3671
2423
2472
3672
2424
2473
3673
2425
2474
3674
2426
2475
3675
2427
2476
3676
2428
2477
3677
2429
2478
3678
2430
2479
3679
2431
2480
3680
2432
2481
3681
2433
2482
3682
2434
2483
3683
2435
2484
3684
2436
2485
3685
2437
2486
3686
2438
2487
3687
2439
2488
3688
2440
2489
3689
2441
2490
3690
2442
2491
3691
2443
2492
3692
2444
2493
3693
2445
2494
3694
2446
2495
3695
2447
2496
3696
2448
2497
3697
2449
2498
3698
2499
3699
2451
3700
2452
3701
2453
3702
2454
3703
2455
3704
2456
3705
2457
3706
2458
3707
2459
3708
2460
3709
2461
3710
2462
3711
2463
3712
2464
3713
2465
3714
2466
3715
2467
3716
2468
3717
2469
3718
2470
3719
2471
3720
2472
3721
2473
3722
2474
3723
2475
3724
2476
3725
2477
3726
2478
3727
2479
3728
2480
3729
2481
3730
2482
3731
2483
3732
2484
3733
2485
3734
2486
3735
2487
3736
2488
3737
2489
3738
2490
3739
2491
3740
2492
3741
2493
3742
2494
3743
2495
3744
2496
3745
2497
3746
2498
3747
2499
3748
3749
2501
2550
3750
2502
2551
3751
2503
2552
3752
2504
2553
3753
2505
2554
3754
2506
2555
3755
2507
2556
3756
2508
2557
3757
2509
2558
3758
2510
2559
3759
2511
2560
3760
2512
2561
3761
2513
2562
3762
2514
2563
3763
2515
2564
3764
2516
2565
3765
2517
2566
3766
2518
2567
3767
2519
2568
3768
2520
2569
3769
2521
2570
3770
2522
2571
3771
2523
2572
3772
2524
2573
3773
2525
2574
3774
2526
2575
3775
2527
2576
3776
2528
2577
3777
2529
2578
3778
2530
2579
3779
2531
2580
3780
2532
2581
3781
2533
2582
3782
2534
2583
3783
2535
2584
3784
2536
2585
3785
2537
2586
3786
2538
2587
3787
2539
2588
3788
2540
2589
3789
2541
2590
3790
2542
2591
3791
2543
2592
3792
2544
2593
3793
2545
2594
3794
2546
2595
3795
2547
2596
3796
2548
2597
3797
2549
2598
3798
2599
3799
2551
2600
3800
2552
2601
3801
2553
2602
3802
2554
2603
3803
2555
2604
3804
2556
2605
3805
2557
2606
3806
2558
2607
3807
2559
2608
3808
2560
2609
3809
2561
2610
3810
2562
2611
3811
2563
2612
3812
2564
2613
3813
2565
2614
3814
2566
2615
3815
2567
2616
3816
2568
2617
3817
2569
2618
3818
2570
2619
3819
2571
2620
3820
2572
2621
3821
2573
2622
3822
2574
2623
3823
2575
2624
3824
2576
2625
3825
2577
2626
3826
2578
2627
3827
2579
2628
3828
2580
2629
3829
2581
2630
3830
2582
2631
3831
2583
2632
3832
2584
2633
3833
2585
2634
3834
2586
2635
3835
2587
2636
3836
2588
2637
3837
2589
2638
3838
2590
2639
3839
2591
2640
3840
2592
2641
3841
2593
2642
3842
2594
2643
3843
2595
2644
3844
2596
2645
3845
2597
2646
3846
2598
2647
3847
2599
2648
3848
2649
3849
2601
2650
3850
2602
2651
3851
2603
2652
3852
2604
2653
3853
2605
2654
3854
2606
2655
3855
2607
2656
3856
2608
2657
3857
2609
2658
3858
2610
2659
3859
2611
2660
3860
2612
2661
3861
2613
2662
3862
2614
2663
3863
2615
2664
3864
2616
2665
3865
2617
2666
3866
2618
2667
3867
2619
2668
3868
2620
2669
3869
2621
2670
3870
2622
2671
3871
2623
2672
3872
2624
2673
3873
2625
2674
3874
2626
2675
3875
2627
2676
3876
2628
2677
3877
2629
2678
3878
2630
2679
3879
2631
2680
3880
2632
2681
3881
2633
2682
3882
2634
2683
3883
2635
2684
3884
2636
2685
3885
2637
2686
3886
2638
2687
3887
2639
2688
3888
2640
2689
3889
2641
2690
3890
2642
2691
3891
2643
2692
3892
2644
2693
3893
2645
2694
3894
2646
2695
3895
2647
2696
3896
2648
2697
3897
2649
2698
3898
2699
3899
2651
2700
3900
2652
2701
3901
2653
2702
3902
2654
2703
3903
2655
2704
3904
2656
2705
3905
2657
2706
3906
2658
2707
3907
2659
2708
3908
2660
2709
3909
2661
2710
3910
2662
2711
3911
2663
2712
3912
2664
2713
3913
2665
2714
3914
2666
2715
3915
2667
2716
3916
2668
2717
3917
2669
2718
3918
2670
2719
3919
2671
2720
3920
2672
2721
3921
2673
2722
3922
2674
2723
3923
2675
2724
3924
2676
2725
3925
2677
2726
3926
2678
2727
3927
2679
2728
3928
2680
2729
3929
2681
2730
3930
2682
2731
3931
2683
2732
3932
2684
2733
3933
2685
2734
3934
2686
2735
3935
2687
2736
3936
2688
2737
3937
2689
2738
3938
2690
2739
3939
2691
2740
3940
2692
2741
3941
2693
2742
3942
2694
2743
3943
2695
2744
3944
2696
2745
3945
2697
2746
3946
2698
2747
3947
2699
2748
3948
2749
3949
2701
2750
3950
2702
2751
3951
2703
2752
3952
2704
2753
3953
2705
2754
3954
2706
2755
3955
2707
2756
3956
2708
2757
3957
2709
2758
3958
2710
2759
3959
2711
2760
3960
2712
2761
3961
2713
2762
3962
2714
2763
3963
2715
2764
3964
2716
2765
3965
2717
2766
3966
2718
2767
3967
2719
2768
3968
2720
2769
3969
2721
2770
3970
2722
2771
3971
2723
2772
3972
2724
2773
3973
2725
2774
3974
2726
2775
3975
2727
2776
3976
2728
2777
3977
2729
2778
3978
2730
2779
3979
2731
2780
3980
2732
2781
3981
2733
2782
3982
2734
2783
3983
2735
2784
3984
2736
2785
3985
2737
2786
3986
2738
2787
3987
2739
2788
3988
2740
2789
3989
2741
2790
3990
2742
2791
3991
2743
2792
3992
2744
2793
3993
2745
2794
3994
2746
2795
3995
2747
2796
3996
2748
2797
3997
2749
2798
3998
2799
3999
2751
2800
4000
2752
2801
4001
2753
2802
4002
2754
2803
4003
2755
2804
4004
2756
2805
4005
2757
2806
4006
2758
2807
4007
2759
2808
4008
2760
2809
4009
2761
2810
4010
2762
2811
4011
2763
2812
4012
2764
2813
4013
2765
2814
4014
2766
2815
4015
2767
2816
4016
2768
2817
4017
2769
2818
4018
2770
2819
4019
2771
2820
4020
2772
2821
4021
2773
2822
4022
2774
2823
4023
2775
2824
4024
2776
2825
4025
2777
2826
4026
2778
2827
4027
2779
2828
4028
2780
2829
4029
2781
2830
4030
2782
2831
4031
2783
2832
4032
2784
2833
4033
2785
2834
4034
2786
2835
4035
2787
2836
4036
2788
2837
4037
2789
2838
4038
2790
2839
4039
2791
2840
4040
2792
2841
4041
2793
2842
4042
2794
2843
4043
2795
2844
4044
2796
2845
4045
2797
2846
4046
2798
2847
4047
2799
2848
4048
2849
4049
2801
2850
4050
2802
2851
4051
2803
2852
4052
2804
2853
4053
2805
2854
4054
2806
2855
4055
2807
2856
4056
2808
2857
4057
2809
2858
4058
2810
2859
4059
2811
2860
4060
2812
2861
4061
2813
2862
4062
2814
2863
4063
2815
2864
4064
2816
2865
4065
2817
2866
4066
2818
2867
4067
2819
2868
4068
2820
2869
4069
2821
2870
4070
2822
2871
4071
2823
2872
4072
2824
2873
4073
2825
2874
4074
2826
2875
4075
2827
2876
4076
2828
2877
4077
2829
2878
4078
2830
2879
4079
2831
2880
4080
2832
2881
4081
2833
2882
4082
2834
2883
4083
2835
2884
4084
2836
2885
4085
2837
2886
4086
2838
2887
4087
2839
2888
4088
2840
2889
4089
2841
2890
4090
2842
2891
4091
2843
2892
4092
2844
2893
4093
2845
2894
4094
2846
2895
4095
2847
2896
4096
2848
2897
4097
2849
2898
4098
2899
4099
2851
2900
4100
2852
2901
4101
2853
2902
4102
2854
2903
4103
2855
2904
4104
2856
2905
4105
2857
2906
4106
2858
2907
4107
2859
2908
4108
2860
2909
4109
2861
2910
4110
2862
2911
4111
2863
2912
4112
2864
2913
4113
2865
2914
4114
2866
2915
4115
2867
2916
4116
2868
2917
4117
2869
2918
4118
2870
2919
4119
2871
2920
4120
2872
2921
4121
2873
2922
4122
2874
2923
4123
2875
2924
4124
2876
2925
4125
2877
2926
4126
2878
2927
4127
2879
2928
4128
2880
2929
4129
2881
2930
4130
2882
2931
4131
2883
2932
4132
2884
2933
4133
2885
2934
4134
2886
2935
4135
2887
2936
4136
2888
2937
4137
2889
2938
4138
2890
2939
4139
2891
2940
4140
2892
2941
4141
2893
2942
4142
2894
2943
4143
2895
2944
4144
2896
2945
4145
2897
2946
4146
2898
2947
4147
2899
2948
4148
2949
4149
2901
2950
4150
2902
2951
4151
2903
2952
4152
2904
2953
4153
2905
2954
4154
2906
2955
4155
2907
2956
4156
2908
2957
4157
2909
2958
4158
2910
2959
4159
2911
2960
4160
2912
2961
4161
2913
2962
4162
2914
2963
4163
2915
2964
4164
2916
2965
4165
2917
2966
4166
2918
2967
4167
2919
2968
4168
2920
2969
4169
2921
2970
4170
2922
2971
4171
2923
2972
4172
2924
2973
4173
2925
2974
4174
2926
2975
4175
2927
2976
4176
2928
2977
4177
2929
2978
4178
2930
2979
4179
2931
2980
4180
2932
2981
4181
2933
2982
4182
2934
2983
4183
2935
2984
4184
2936
2985
4185
2937
2986
4186
2938
2987
4187
2939
2988
4188
2940
2989
4189
2941
2990
4190
2942
2991
4191
2943
2992
4192
2944
2993
4193
2945
2994
4194
2946
2995
4195
2947
2996
4196
2948
2997
4197
2949
2998
4198
2999
4199
2951
3000
4200
2952
3001
4201
2953
3002
4202
2954
3003
4203
2955
3004
4204
2956
3005
4205
2957
3006
4206
2958
3007
4207
2959
3008
4208
2960
3009
4209
2961
3010
4210
2962
3011
4211
2963
3012
4212
2964
3013
4213
2965
3014
4214
2966
3015
4215
2967
3016
4216
2968
3017
4217
2969
3018
4218
2970
3019
4219
2971
3020
4220
2972
3021
4221
2973
3022
4222
2974
3023
4223
2975
3024
4224
2976
3025
4225
2977
3026
4226
2978
3027
4227
2979
3028
4228
2980
3029
4229
2981
3030
4230
2982
3031
4231
2983
3032
4232
2984
3033
4233
2985
3034
4234
2986
3035
4235
2987
3036
4236
2988
3037
4237
2989
3038
4238
2990
3039
4239
2991
3040
4240
2992
3041
4241
2993
3042
4242
2994
3043
4243
2995
3044
4244
2996
3045
4245
2997
3046
4246
2998
3047
4247
2999
3048
4248
3049
4249
3001
3050
4250
3002
3051
4251
3003
3052
4252
3004
3053
4253
3005
3054
4254
3006
3055
4255
3007
3056
4256
3008
3057
4257
3009
3058
4258
3010
3059
4259
3011
3060
4260
3012
3061
4261
3013
3062
4262
3014
3063
4263
3015
3064
4264
3016
3065
4265
3017
3066
4266
3018
3067
4267
3019
3068
4268
3020
3069
4269
3021
3070
4270
3022
3071
4271
3023
3072
4272
3024
3073
4273
3025
3074
4274
3026
3075
4275
3027
3076
4276
3028
3077
4277
3029
3078
4278
3030
3079
4279
3031
3080
4280
3032
3081
4281
3033
3082
4282
3034
3083
4283
3035
3084
4284
3036
3085
4285
3037
3086
4286
3038
3087
4287
3039
3088
4288
3040
3089
4289
3041
3090
4290
3042
3091
4291
3043
3092
4292
3044
3093
4293
3045
3094
4294
3046
3095
4295
3047
3096
4296
3048
3097
4297
3049
3098
4298
3099
4299
3051
3100
4300
3052
3101
4301
3053
3102
4302
3054
3103
4303
3055
3104
4304
3056
3105
4305
3057
3106
4306
3058
3107
4307
3059
3108
4308
3060
3109
4309
3061
3110
4310
3062
3111
4311
3063
3112
4312
3064
3113
4313
3065
3114
4314
3066
3115
4315
3067
3116
4316
3068
3117
4317
3069
3118
4318
3070
3119
4319
3071
3120
4320
3072
3121
4321
3073
3122
4322
3074
3123
4323
3075
3124
4324
3076
3125
4325
3077
3126
4326
3078
3127
4327
3079
3128
4328
3080
3129
4329
3081
3130
4330
3082
3131
4331
3083
3132
4332
3084
3133
4333
3085
3134
4334
3086
3135
4335
3087
3136
4336
3088
3137
4337
3089
3138
4338
3090
3139
4339
3091
3140
4340
3092
3141
4341
3093
3142
4342
3094
3143
4343
3095
3144
4344
3096
3145
4345
3097
3146
4346
3098
3147
4347
3099
3148
4348
3149
4349
3101
3150
4350
3102
3151
4351
3103
3152
4352
3104
3153
4353
3105
3154
4354
3106
3155
4355
3107
3156
4356
3108
3157
4357
3109
3158
4358
3110
3159
4359
3111
3160
4360
3112
3161
4361
3113
3162
4362
3114
3163
4363
3115
3164
4364
3116
3165
4365
3117
3166
4366
3118
3167
4367
3119
3168
4368
3120
3169
4369
3121
3170
4370
3122
3171
4371
3123
3172
4372
3124
3173
4373
3125
3174
4374
3126
3175
4375
3127
3176
4376
3128
3177
4377
3129
3178
4378
3130
3179
4379
3131
3180
4380
3132
3181
4381
3133
3182
4382
3134
3183
4383
3135
3184
4384
3136
3185
4385
3137
3186
4386
3138
3187
4387
3139
3188
4388
3140
3189
4389
3141
3190
4390
3142
3191
4391
3143
3192
4392
3144
3193
4393
3145
3194
4394
3146
3195
4395
3147
3196
4396
3148
3197
4397
3149
3198
4398
3199
4399
3151
3200
4400
3152
3201
4401
3153
3202
4402
3154
3203
4403
3155
3204
4404
3156
3205
4405
3157
3206
4406
3158
3207
4407
3159
3208
4408
3160
3209
4409
3161
3210
4410
3162
3211
4411
3163
3212
4412
3164
3213
4413
3165
3214
4414
3166
3215
4415
3167
3216
4416
3168
3217
4417
3169
3218
4418
3170
3219
4419
3171
3220
4420
3172
3221
4421
3173
3222
4422
3174
3223
4423
3175
3224
4424
3176
3225
4425
3177
3226
4426
3178
3227
4427
3179
3228
4428
3180
3229
4429
3181
3230
4430
3182
3231
4431
3183
3232
4432
3184
3233
4433
3185
3234
4434
3186
3235
4435
3187
3236
4436
3188
3237
4437
3189
3238
4438
3190
3239
4439
3191
3240
4440
3192
3241
4441
3193
3242
4442
3194
3243
4443
3195
3244
4444
3196
3245
4445
3197
3246
4446
3198
3247
4447
3199
3248
4448
3249
4449
3201
3250
4450
3202
3251
4451
3203
3252
4452
3204
3253
4453
3205
3254
4454
3206
3255
4455
3207
3256
4456
3208
3257
4457
3209
3258
4458
3210
3259
4459
3211
3260
4460
3212
3261
4461
3213
3262
4462
3214
3263
4463
3215
3264
4464
3216
3265
4465
3217
3266
4466
3218
3267
4467
3219
3268
4468
3220
3269
4469
3221
3270
4470
3222
3271
4471
3223
3272
4472
3224
3273
4473
3225
3274
4474
3226
3275
4475
3227
3276
4476
3228
3277
4477
3229
3278
4478
3230
3279
4479
3231
3280
4480
3232
3281
4481
3233
3282
4482
3234
3283
4483
3235
3284
4484
3236
3285
4485
3237
3286
4486
3238
3287
4487
3239
3288
4488
3240
3289
4489
3241
3290
4490
3242
3291
4491
3243
3292
4492
3244
3293
4493
3245
3294
4494
3246
3295
4495
3247
3296
4496
3248
3297
4497
3249
3298
4498
3299
4499
3251
3300
4500
3252
3301
4501
3253
3302
4502
3254
3303
4503
3255
3304
4504
3256
3305
4505
3257
3306
4506
3258
3307
4507
3259
3308
4508
3260
3309
4509
3261
3310
4510
3262
3311
4511
3263
3312
4512
3264
3313
4513
3265
3314
4514
3266
3315
4515
3267
3316
4516
3268
3317
4517
3269
3318
4518
3270
3319
4519
3271
3320
4520
3272
3321
4521
3273
3322
4522
3274
3323
4523
3275
3324
4524
3276
3325
4525
3277
3326
4526
3278
3327
4527
3279
3328
4528
3280
3329
4529
3281
3330
4530
3282
3331
4531
3283
3332
4532
3284
3333
4533
3285
3334
4534
3286
3335
4535
3287
3336
4536
3288
3337
4537
3289
3338
4538
3290
3339
4539
3291
3340
4540
3292
3341
4541
3293
3342
4542
3294
3343
4543
3295
3344
4544
3296
3345
4545
3297
3346
4546
3298
3347
4547
3299
3348
4548
3349
4549
3301
3350
4550
3302
3351
4551
3303
3352
4552
3304
3353
4553
3305
3354
4554
3306
3355
4555
3307
3356
4556
3308
3357
4557
3309
3358
4558
3310
3359
4559
3311
3360
4560
3312
3361
4561
3313
3362
4562
3314
3363
4563
3315
3364
4564
3316
3365
4565
3317
3366
4566
3318
3367
4567
3319
3368
4568
3320
3369
4569
3321
3370
4570
3322
3371
4571
3323
3372
4572
3324
3373
4573
3325
3374
4574
3326
3375
4575
3327
3376
4576
3328
3377
4577
3329
3378
4578
3330
3379
4579
3331
3380
4580
3332
3381
4581
3333
3382
4582
3334
3383
4583
3335
3384
4584
3336
3385
4585
3337
3386
4586
3338
3387
4587
3339
3388
4588
3340
3389
4589
3341
3390
4590
3342
3391
4591
3343
3392
4592
3344
3393
4593
3345
3394
4594
3346
3395
4595
3347
3396
4596
3348
3397
4597
3349
3398
4598
3399
4599
3351
3400
4600
3352
3401
4601
3353
3402
4602
3354
3403
4603
3355
3404
4604
3356
3405
4605
3357
3406
4606
3358
3407
4607
3359
3408
4608
3360
3409
4609
3361
3410
4610
3362
3411
4611
3363
3412
4612
3364
3413
4613
3365
3414
4614
3366
3415
4615
3367
3416
4616
3368
3417
4617
3369
3418
4618
3370
3419
4619
3371
3420
4620
3372
3421
4621
3373
3422
4622
3374
3423
4623
3375
3424
4624
3376
3425
4625
3377
3426
4626
3378
3427
4627
3379
3428
4628
3380
3429
4629
3381
3430
4630
3382
3431
4631
3383
3432
4632
3384
3433
4633
3385
3434
4634
3386
3435
4635
3387
3436
4636
3388
3437
4637
3389
3438
4638
3390
3439
4639
3391
3440
4640
3392
3441
4641
3393
3442
4642
3394
3443
4643
3395
3444
4644
3396
3445
4645
3397
3446
4646
3398
3447
4647
3399
3448
4648
3449
4649
3401
3450
4650
3402
3451
4651
3403
3452
4652
3404
3453
4653
3405
3454
4654
3406
3455
4655
3407
3456
4656
3408
3457
4657
3409
3458
4658
3410
3459
4659
3411
3460
4660
3412
3461
4661
3413
3462
4662
3414
3463
4663
3415
3464
4664
3416
3465
4665
3417
3466
4666
3418
3467
4667
3419
3468
4668
3420
3469
4669
3421
3470
4670
3422
3471
4671
3423
3472
4672
3424
3473
4673
3425
3474
4674
3426
3475
4675
3427
3476
4676
3428
3477
4677
3429
3478
4678
3430
3479
4679
3431
3480
4680
3432
3481
4681
3433
3482
4682
3434
3483
4683
3435
3484
4684
3436
3485
4685
3437
3486
4686
3438
3487
4687
3439
3488
4688
3440
3489
4689
3441
3490
4690
3442
3491
4691
3443
3492
4692
3444
3493
4693
3445
3494
4694
3446
3495
4695
3447
3496
4696
3448
3497
4697
3449
3498
4698
3499
4699
3451
3500
4700
3452
3501
4701
3453
3502
4702
3454
3503
4703
3455
3504
4704
3456
3505
4705
3457
3506
4706
3458
3507
4707
3459
3508
4708
3460
3509
4709
3461
3510
4710
3462
3511
4711
3463
3512
4712
3464
3513
4713
3465
3514
4714
3466
3515
4715
3467
3516
4716
3468
3517
4717
3469
3518
4718
3470
3519
4719
3471
3520
4720
3472
3521
4721
3473
3522
4722
3474
3523
4723
3475
3524
4724
3476
3525
4725
3477
3526
4726
3478
3527
4727
3479
3528
4728
3480
3529
4729
3481
3530
4730
3482
3531
4731
3483
3532
4732
3484
3533
4733
3485
3534
4734
3486
3535
4735
3487
3536
4736
3488
3537
4737
3489
3538
4738
3490
3539
4739
3491
3540
4740
3492
3541
4741
3493
3542
4742
3494
3543
4743
3495
3544
4744
3496
3545
4745
3497
3546
4746
3498
3547
4747
3499
3548
4748
3549
4749
3501
3550
4750
3502
3551
4751
3503
3552
4752
3504
3553
4753
3505
3554
4754
3506
3555
4755
3507
3556
4756
3508
3557
4757
3509
3558
4758
3510
3559
4759
3511
3560
4760
3512
3561
4761
3513
3562
4762
3514
3563
4763
3515
3564
4764
3516
3565
4765
3517
3566
4766
3518
3567
4767
3519
3568
4768
3520
3569
4769
3521
3570
4770
3522
3571
4771
3523
3572
4772
3524
3573
4773
3525
3574
4774
3526
3575
4775
3527
3576
4776
3528
3577
4777
3529
3578
4778
3530
3579
4779
3531
3580
4780
3532
3581
4781
3533
3582
4782
3534
3583
4783
3535
3584
4784
3536
3585
4785
3537
3586
4786
3538
3587
4787
3539
3588
4788
3540
3589
4789
3541
3590
4790
3542
3591
4791
3543
3592
4792
3544
3593
4793
3545
3594
4794
3546
3595
4795
3547
3596
4796
3548
3597
4797
3549
3598
4798
3599
4799
3551
3600
4800
3552
3601
4801
3553
3602
4802
3554
3603
4803
3555
3604
4804
3556
3605
4805
3557
3606
4806
3558
3607
4807
3559
3608
4808
3560
3609
4809
3561
3610
4810
3562
3611
4811
3563
3612
4812
3564
3613
4813
3565
3614
4814
3566
3615
4815
3567
3616
4816
3568
3617
4817
3569
3618
4818
3570
3619
4819
3571
3620
4820
3572
3621
4821
3573
3622
4822
3574
3623
4823
3575
3624
4824
3576
3625
4825
3577
3626
4826
3578
3627
4827
3579
3628
4828
3580
3629
4829
3581
3630
4830
3582
3631
4831
3583
3632
4832
3584
3633
4833
3585
3634
4834
3586
3635
4835
3587
3636
4836
3588
3637
4837
3589
3638
4838
3590
3639
4839
3591
3640
4840
3592
3641
4841
3593
3642
4842
3594
3643
4843
3595
3644
4844
3596
3645
4845
3597
3646
4846
3598
3647
4847
3599
3648
4848
3649
4849
3601
3650
4850
3602
3651
4851
3603
3652
4852
3604
3653
4853
3605
3654
4854
3606
3655
4855
3607
3656
4856
3608
3657
4857
3609
3658
4858
3610
3659
4859
3611
3660
4860
3612
3661
4861
3613
3662
4862
3614
3663
4863
3615
3664
4864
3616
3665
4865
3617
3666
4866
3618
3667
4867
3619
3668
4868
3620
3669
4869
3621
3670
4870
3622
3671
4871
3623
3672
4872
3624
3673
4873
3625
3674
4874
3626
3675
4875
3627
3676
4876
3628
3677
4877
3629
3678
4878
3630
3679
4879
3631
3680
4880
3632
3681
4881
3633
3682
4882
3634
3683
4883
3635
3684
4884
3636
3685
4885
3637
3686
4886
3638
3687
4887
3639
3688
4888
3640
3689
4889
3641
3690
4890
3642
3691
4891
3643
3692
4892
3644
3693
4893
3645
3694
4894
3646
3695
4895
3647
3696
4896
3648
3697
4897
3649
3698
4898
3699
4899
3651
3700
4900
3652
3701
4901
3653
3702
4902
3654
3703
4903
3655
3704
4904
3656
3705
4905
3657
3706
4906
3658
3707
4907
3659
3708
4908
3660
3709
4909
3661
3710
4910
3662
3711
4911
3663
3712
4912
3664
3713
4913
3665
3714
4914
3666
3715
4915
3667
3716
4916
3668
3717
4917
3669
3718
4918
3670
3719
4919
3671
3720
4920
3672
3721
4921
3673
3722
4922
3674
3723
4923
3675
3724
4924
3676
3725
4925
3677
3726
4926
3678
3727
4927
3679
3728
4928
3680
3729
4929
3681
3730
4930
3682
3731
4931
3683
3732
4932
3684
3733
4933
3685
3734
4934
3686
3735
4935
3687
3736
4936
3688
3737
4937
3689
3738
4938
3690
3739
4939
3691
3740
4940
3692
3741
4941
3693
3742
4942
3694
3743
4943
3695
3744
4944
3696
3745
4945
3697
3746
4946
3698
3747
4947
3699
3748
4948
3749
4949
3701
4950
3702
4951
3703
4952
3704
4953
3705
4954
3706
4955
3707
4956
3708
4957
3709
4958
3710
4959
3711
4960
3712
4961
3713
4962
3714
4963
3715
4964
3716
4965
3717
4966
3718
4967
3719
4968
3720
4969
3721
4970
3722
4971
3723
4972
3724
4973
3725
4974
3726
4975
3727
4976
3728
4977
3729
4978
3730
4979
3731
4980
3732
4981
3733
4982
3734
4983
3735
4984
3736
4985
3737
4986
3738
4987
3739
4988
3740
4989
3741
4990
3742
4991
3743
4992
3744
4993
3745
4994
3746
4995
3747
4996
3748
4997
3749
4998
4999
3751
3800
5000
3752
3801
5001
3753
3802
5002
3754
3803
5003
3755
3804
5004
3756
3805
5005
3757
3806
5006
3758
3807
5007
3759
3808
5008
3760
3809
5009
3761
3810
5010
3762
3811
5011
3763
3812
5012
3764
3813
5013
3765
3814
5014
3766
3815
5015
3767
3816
5016
3768
3817
5017
3769
3818
5018
3770
3819
5019
3771
3820
5020
3772
3821
5021
3773
3822
5022
3774
3823
5023
3775
3824
5024
3776
3825
5025
3777
3826
5026
3778
3827
5027
3779
3828
5028
3780
3829
5029
3781
3830
5030
3782
3831
5031
3783
3832
5032
3784
3833
5033
3785
3834
5034
3786
3835
5035
3787
3836
5036
3788
3837
5037
3789
3838
5038
3790
3839
5039
3791
3840
5040
3792
3841
5041
3793
3842
5042
3794
3843
5043
3795
3844
5044
3796
3845
5045
3797
3846
5046
3798
3847
5047
3799
3848
5048
3849
5049
3801
3850
5050
3802
3851
5051
3803
3852
5052
3804
3853
5053
3805
3854
5054
3806
3855
5055
3807
3856
5056
3808
3857
5057
3809
3858
5058
3810
3859
5059
3811
3860
5060
3812
3861
5061
3813
3862
5062
3814
3863
5063
3815
3864
5064
3816
3865
5065
3817
3866
5066
3818
3867
5067
3819
3868
5068
3820
3869
5069
3821
3870
5070
3822
3871
5071
3823
3872
5072
3824
3873
5073
3825
3874
5074
3826
3875
5075
3827
3876
5076
3828
3877
5077
3829
3878
5078
3830
3879
5079
3831
3880
5080
3832
3881
5081
3833
3882
5082
3834
3883
5083
3835
3884
5084
3836
3885
5085
3837
3886
5086
3838
3887
5087
3839
3888
5088
3840
3889
5089
3841
3890
5090
3842
3891
5091
3843
3892
5092
3844
3893
5093
3845
3894
5094
3846
3895
5095
3847
3896
5096
3848
3897
5097
3849
3898
5098
3899
5099
3851
3900
5100
3852
3901
5101
3853
3902
5102
3854
3903
5103
3855
3904
5104
3856
3905
5105
3857
3906
5106
3858
3907
5107
3859
3908
5108
3860
3909
5109
3861
3910
5110
3862
3911
5111
3863
3912
5112
3864
3913
5113
3865
3914
5114
3866
3915
5115
3867
3916
5116
3868
3917
5117
3869
3918
5118
3870
3919
5119
3871
3920
5120
3872
3921
5121
3873
3922
5122
3874
3923
5123
3875
3924
5124
3876
3925
5125
3877
3926
5126
3878
3927
5127
3879
3928
5128
3880
3929
5129
3881
3930
5130
3882
3931
5131
3883
3932
5132
3884
3933
5133
3885
3934
5134
3886
3935
5135
3887
3936
5136
3888
3937
5137
3889
3938
5138
3890
3939
5139
3891
3940
5140
3892
3941
5141
3893
3942
5142
3894
3943
5143
3895
3944
5144
3896
3945
5145
3897
3946
5146
3898
3947
5147
3899
3948
5148
3949
5149
3901
3950
5150
3902
3951
5151
3903
3952
5152
3904
3953
5153
3905
3954
5154
3906
3955
5155
3907
3956
5156
3908
3957
5157
3909
3958
5158
3910
3959
5159
3911
3960
5160
3912
3961
5161
3913
3962
5162
3914
3963
5163
3915
3964
5164
3916
3965
5165
3917
3966
5166
3918
3967
5167
3919
3968
5168
3920
3969
5169
3921
3970
5170
3922
3971
5171
3923
3972
5172
3924
3973
5173
3925
3974
5174
3926
3975
5175
3927
3976
5176
3928
3977
5177
3929
3978
5178
3930
3979
5179
3931
3980
5180
3932
3981
5181
3933
3982
5182
3934
3983
5183
3935
3984
5184
3936
3985
5185
3937
3986
5186
3938
3987
5187
3939
3988
5188
3940
3989
5189
3941
3990
5190
3942
3991
5191
3943
3992
5192
3944
3993
5193
3945
3994
5194
3946
3995
5195
3947
3996
5196
3948
3997
5197
3949
3998
5198
3999
5199
3951
4000
5200
3952
4001
5201
3953
4002
5202
3954
4003
5203
3955
4004
5204
3956
4005
5205
3957
4006
5206
3958
4007
5207
3959
4008
5208
3960
4009
5209
3961
4010
5210
3962
4011
5211
3963
4012
5212
3964
4013
5213
3965
4014
5214
3966
4015
5215
3967
4016
5216
3968
4017
5217
3969
4018
5218
3970
4019
5219
3971
4020
5220
3972
4021
5221
3973
4022
5222
3974
4023
5223
3975
4024
5224
3976
4025
5225
3977
4026
5226
3978
4027
5227
3979
4028
5228
3980
4029
5229
3981
4030
5230
3982
4031
5231
3983
4032
5232
3984
4033
5233
3985
4034
5234
3986
4035
5235
3987
4036
5236
3988
4037
5237
3989
4038
5238
3990
4039
5239
3991
4040
5240
3992
4041
5241
3993
4042
5242
3994
4043
5243
3995
4044
5244
3996
4045
5245
3997
4046
5246
3998
4047
5247
3999
4048
5248
4049
5249
4001
4050
5250
4002
4051
5251
4003
4052
5252
4004
4053
5253
4005
4054
5254
4006
4055
5255
4007
4056
5256
4008
4057
5257
4009
4058
5258
4010
4059
5259
4011
4060
5260
4012
4061
5261
4013
4062
5262
4014
4063
5263
4015
4064
5264
4016
4065
5265
4017
4066
5266
4018
4067
5267
4019
4068
5268
4020
4069
5269
4021
4070
5270
4022
4071
5271
4023
4072
5272
4024
4073
5273
4025
4074
5274
4026
4075
5275
4027
4076
5276
4028
4077
5277
4029
4078
5278
4030
4079
5279
4031
4080
5280
4032
4081
5281
4033
4082
5282
4034
4083
5283
4035
4084
5284
4036
4085
5285
4037
4086
5286
4038
4087
5287
4039
4088
5288
4040
4089
5289
4041
4090
5290
4042
4091
5291
4043
4092
5292
4044
4093
5293
4045
4094
5294
4046
4095
5295
4047
4096
5296
4048
4097
5297
4049
4098
5298
4099
5299
4051
4100
5300
4052
4101
5301
4053
4102
5302
4054
4103
5303
4055
4104
5304
4056
4105
5305
4057
4106
5306
4058
4107
5307
4059
4108
5308
4060
4109
5309
4061
4110
5310
4062
4111
5311
4063
4112
5312
4064
4113
5313
4065
4114
5314
4066
4115
5315
4067
4116
5316
4068
4117
5317
4069
4118
5318
4070
4119
5319
4071
4120
5320
4072
4121
5321
4073
4122
5322
4074
4123
5323
4075
4124
5324
4076
4125
5325
4077
4126
5326
4078
4127
5327
4079
4128
5328
4080
4129
5329
4081
4130
5330
4082
4131
5331
4083
4132
5332
4084
4133
5333
4085
4134
5334
4086
4135
5335
4087
4136
5336
4088
4137
5337
4089
4138
5338
4090
4139
5339
4091
4140
5340
4092
4141
5341
4093
4142
5342
4094
4143
5343
4095
4144
5344
4096
4145
5345
4097
4146
5346
4098
4147
5347
4099
4148
5348
4149
5349
4101
4150
5350
4102
4151
5351
4103
4152
5352
4104
4153
5353
4105
4154
5354
4106
4155
5355
4107
4156
5356
4108
4157
5357
4109
4158
5358
4110
4159
5359
4111
4160
5360
4112
4161
5361
4113
4162
5362
4114
4163
5363
4115
4164
5364
4116
4165
5365
4117
4166
5366
4118
4167
5367
4119
4168
5368
4120
4169
5369
4121
4170
5370
4122
4171
5371
4123
4172
5372
4124
4173
5373
4125
4174
5374
4126
4175
5375
4127
4176
5376
4128
4177
5377
4129
4178
5378
4130
4179
5379
4131
4180
5380
4132
4181
5381
4133
4182
5382
4134
4183
5383
4135
4184
5384
4136
4185
5385
4137
4186
5386
4138
4187
5387
4139
4188
5388
4140
4189
5389
4141
4190
5390
4142
4191
5391
4143
4192
5392
4144
4193
5393
4145
4194
5394
4146
4195
5395
4147
4196
5396
4148
4197
5397
4149
4198
5398
4199
5399
4151
4200
5400
4152
4201
5401
4153
4202
5402
4154
4203
5403
4155
4204
5404
4156
4205
5405
4157
4206
5406
4158
4207
5407
4159
4208
5408
4160
4209
5409
4161
4210
5410
4162
4211
5411
4163
4212
5412
4164
4213
5413
4165
4214
5414
4166
4215
5415
4167
4216
5416
4168
4217
5417
4169
4218
5418
4170
4219
5419
4171
4220
5420
4172
4221
5421
4173
4222
5422
4174
4223
5423
4175
4224
5424
4176
4225
5425
4177
4226
5426
4178
4227
5427
4179
4228
5428
4180
4229
5429
4181
4230
5430
4182
4231
5431
4183
4232
5432
4184
4233
5433
4185
4234
5434
4186
4235
5435
4187
4236
5436
4188
4237
5437
4189
4238
5438
4190
4239
5439
4191
4240
5440
4192
4241
5441
4193
4242
5442
4194
4243
5443
4195
4244
5444
4196
4245
5445
4197
4246
5446
4198
4247
5447
4199
4248
5448
4249
5449
4201
4250
5450
4202
4251
5451
4203
4252
5452
4204
4253
5453
4205
4254
5454
4206
4255
5455
4207
4256
5456
4208
4257
5457
4209
4258
5458
4210
4259
5459
4211
4260
5460
4212
4261
5461
4213
4262
5462
4214
4263
5463
4215
4264
5464
4216
4265
5465
4217
4266
5466
4218
4267
5467
4219
4268
5468
4220
4269
5469
4221
4270
5470
4222
4271
5471
4223
4272
5472
4224
4273
5473
4225
4274
5474
4226
4275
5475
4227
4276
5476
4228
4277
5477
4229
4278
5478
4230
4279
5479
4231
4280
5480
4232
4281
5481
4233
4282
5482
4234
4283
5483
4235
4284
5484
4236
4285
5485
4237
4286
5486
4238
4287
5487
4239
4288
5488
4240
4289
5489
4241
4290
5490
4242
4291
5491
4243
4292
5492
4244
4293
5493
4245
4294
5494
4246
4295
5495
4247
4296
5496
4248
4297
5497
4249
4298
5498
4299
5499
4251
4300
5500
4252
4301
5501
4253
4302
5502
4254
4303
5503
4255
4304
5504
4256
4305
5505
4257
4306
5506
4258
4307
5507
4259
4308
5508
4260
4309
5509
4261
4310
5510
4262
4311
5511
4263
4312
5512
4264
4313
5513
4265
4314
5514
4266
4315
5515
4267
4316
5516
4268
4317
5517
4269
4318
5518
4270
4319
5519
4271
4320
5520
4272
4321
5521
4273
4322
5522
4274
4323
5523
4275
4324
5524
4276
4325
5525
4277
4326
5526
4278
4327
5527
4279
4328
5528
4280
4329
5529
4281
4330
5530
4282
4331
5531
4283
4332
5532
4284
4333
5533
4285
4334
5534
4286
4335
5535
4287
4336
5536
4288
4337
5537
4289
4338
5538
4290
4339
5539
4291
4340
5540
4292
4341
5541
4293
4342
5542
4294
4343
5543
4295
4344
5544
4296
4345
5545
4297
4346
5546
4298
4347
5547
4299
4348
5548
4349
5549
4301
4350
5550
4302
4351
5551
4303
4352
5552
4304
4353
5553
4305
4354
5554
4306
4355
5555
4307
4356
5556
4308
4357
5557
4309
4358
5558
4310
4359
5559
4311
4360
5560
4312
4361
5561
4313
4362
5562
4314
4363
5563
4315
4364
5564
4316
4365
5565
4317
4366
5566
4318
4367
5567
4319
4368
5568
4320
4369
5569
4321
4370
5570
4322
4371
5571
4323
4372
5572
4324
4373
5573
4325
4374
5574
4326
4375
5575
4327
4376
5576
4328
4377
5577
4329
4378
5578
4330
4379
5579
4331
4380
5580
4332
4381
5581
4333
4382
5582
4334
4383
5583
4335
4384
5584
4336
4385
5585
4337
4386
5586
4338
4387
5587
4339
4388
5588
4340
4389
5589
4341
4390
5590
4342
4391
5591
4343
4392
5592
4344
4393
5593
4345
4394
5594
4346
4395
5595
4347
4396
5596
4348
4397
5597
4349
4398
5598
4399
5599
4351
4400
5600
4352
4401
5601
4353
4402
5602
4354
4403
5603
4355
4404
5604
4356
4405
5605
4357
4406
5606
4358
4407
5607
4359
4408
5608
4360
4409
5609
4361
4410
5610
4362
4411
5611
4363
4412
5612
4364
4413
5613
4365
4414
5614
4366
4415
5615
4367
4416
5616
4368
4417
5617
4369
4418
5618
4370
4419
5619
4371
4420
5620
4372
4421
5621
4373
4422
5622
4374
4423
5623
4375
4424
5624
4376
4425
5625
4377
4426
5626
4378
4427
5627
4379
4428
5628
4380
4429
5629
4381
4430
5630
4382
4431
5631
4383
4432
5632
4384
4433
5633
4385
4434
5634
4386
4435
5635
4387
4436
5636
4388
4437
5637
4389
4438
5638
4390
4439
5639
4391
4440
5640
4392
4441
5641
4393
4442
5642
4394
4443
5643
4395
4444
5644
4396
4445
5645
4397
4446
5646
4398
4447
5647
4399
4448
5648
4449
5649
4401
4450
5650
4402
4451
5651
4403
4452
5652
4404
4453
5653
4405
4454
5654
4406
4455
5655
4407
4456
5656
4408
4457
5657
4409
4458
5658
4410
4459
5659
4411
4460
5660
4412
4461
5661
4413
4462
5662
4414
4463
5663
4415
4464
5664
4416
4465
5665
4417
4466
5666
4418
4467
5667
4419
4468
5668
4420
4469
5669
4421
4470
5670
4422
4471
5671
4423
4472
5672
4424
4473
5673
4425
4474
5674
4426
4475
5675
4427
4476
5676
4428
4477
5677
4429
4478
5678
4430
4479
5679
4431
4480
5680
4432
4481
5681
4433
4482
5682
4434
4483
5683
4435
4484
5684
4436
4485
5685
4437
4486
5686
4438
4487
5687
4439
4488
5688
4440
4489
5689
4441
4490
5690
4442
4491
5691
4443
4492
5692
4444
4493
5693
4445
4494
5694
4446
4495
5695
4447
4496
5696
4448
4497
5697
4449
4498
5698
4499
5699
4451
4500
5700
4452
4501
5701
4453
4502
5702
4454
4503
5703
4455
4504
5704
4456
4505
5705
4457
4506
5706
4458
4507
5707
4459
4508
5708
4460
4509
5709
4461
4510
5710
4462
4511
5711
4463
4512
5712
4464
4513
5713
4465
4514
5714
4466
4515
5715
4467
4516
5716
4468
4517
5717
4469
4518
5718
4470
4519
5719
4471
4520
5720
4472
4521
5721
4473
4522
5722
4474
4523
5723
4475
4524
5724
4476
4525
5725
4477
4526
5726
4478
4527
5727
4479
4528
5728
4480
4529
5729
4481
4530
5730
4482
4531
5731
4483
4532
5732
4484
4533
5733
4485
4534
5734
4486
4535
5735
4487
4536
5736
4488
4537
5737
4489
4538
5738
4490
4539
5739
4491
4540
5740
4492
4541
5741
4493
4542
5742
4494
4543
5743
4495
4544
5744
4496
4545
5745
4497
4546
5746
4498
4547
5747
4499
4548
5748
4549
5749
4501
4550
5750
4502
4551
5751
4503
4552
5752
4504
4553
5753
4505
4554
5754
4506
4555
5755
4507
4556
5756
4508
4557
5757
4509
4558
5758
4510
4559
5759
4511
4560
5760
4512
4561
5761
4513
4562
5762
4514
4563
5763
4515
4564
5764
4516
4565
5765
4517
4566
5766
4518
4567
5767
4519
4568
5768
4520
4569
5769
4521
4570
5770
4522
4571
5771
4523
4572
5772
4524
4573
5773
4525
4574
5774
4526
4575
5775
4527
4576
5776
4528
4577
5777
4529
4578
5778
4530
4579
5779
4531
4580
5780
4532
4581
5781
4533
4582
5782
4534
4583
5783
4535
4584
5784
4536
4585
5785
4537
4586
5786
4538
4587
5787
4539
4588
5788
4540
4589
5789
4541
4590
5790
4542
4591
5791
4543
4592
5792
4544
4593
5793
4545
4594
5794
4546
4595
5795
4547
4596
5796
4548
4597
5797
4549
4598
5798
4599
5799
4551
4600
5800
4552
4601
5801
4553
4602
5802
4554
4603
5803
4555
4604
5804
4556
4605
5805
4557
4606
5806
4558
4607
5807
4559
4608
5808
4560
4609
5809
4561
4610
5810
4562
4611
5811
4563
4612
5812
4564
4613
5813
4565
4614
5814
4566
4615
5815
4567
4616
5816
4568
4617
5817
4569
4618
5818
4570
4619
5819
4571
4620
5820
4572
4621
5821
4573
4622
5822
4574
4623
5823
4575
4624
5824
4576
4625
5825
4577
4626
5826
4578
4627
5827
4579
4628
5828
4580
4629
5829
4581
4630
5830
4582
4631
5831
4583
4632
5832
4584
4633
5833
4585
4634
5834
4586
4635
5835
4587
4636
5836
4588
4637
5837
4589
4638
5838
4590
4639
5839
4591
4640
5840
4592
4641
5841
4593
4642
5842
4594
4643
5843
4595
4644
5844
4596
4645
5845
4597
4646
5846
4598
4647
5847
4599
4648
5848
4649
5849
4601
4650
5850
4602
4651
5851
4603
4652
5852
4604
4653
5853
4605
4654
5854
4606
4655
5855
4607
4656
5856
4608
4657
5857
4609
4658
5858
4610
4659
5859
4611
4660
5860
4612
4661
5861
4613
4662
5862
4614
4663
5863
4615
4664
5864
4616
4665
5865
4617
4666
5866
4618
4667
5867
4619
4668
5868
4620
4669
5869
4621
4670
5870
4622
4671
5871
4623
4672
5872
4624
4673
5873
4625
4674
5874
4626
4675
5875
4627
4676
5876
4628
4677
5877
4629
4678
5878
4630
4679
5879
4631
4680
5880
4632
4681
5881
4633
4682
5882
4634
4683
5883
4635
4684
5884
4636
4685
5885
4637
4686
5886
4638
4687
5887
4639
4688
5888
4640
4689
5889
4641
4690
5890
4642
4691
5891
4643
4692
5892
4644
4693
5893
4645
4694
5894
4646
4695
5895
4647
4696
5896
4648
4697
5897
4649
4698
5898
4699
5899
4651
4700
5900
4652
4701
5901
4653
4702
5902
4654
4703
5903
4655
4704
5904
4656
4705
5905
4657
4706
5906
4658
4707
5907
4659
4708
5908
4660
4709
5909
4661
4710
5910
4662
4711
5911
4663
4712
5912
4664
4713
5913
4665
4714
5914
4666
4715
5915
4667
4716
5916
4668
4717
5917
4669
4718
5918
4670
4719
5919
4671
4720
5920
4672
4721
5921
4673
4722
5922
4674
4723
5923
4675
4724
5924
4676
4725
5925
4677
4726
5926
4678
4727
5927
4679
4728
5928
4680
4729
5929
4681
4730
5930
4682
4731
5931
4683
4732
5932
4684
4733
5933
4685
4734
5934
4686
4735
5935
4687
4736
5936
4688
4737
5937
4689
4738
5938
4690
4739
5939
4691
4740
5940
4692
4741
5941
4693
4742
5942
4694
4743
5943
4695
4744
5944
4696
4745
5945
4697
4746
5946
4698
4747
5947
4699
4748
5948
4749
5949
4701
4750
5950
4702
4751
5951
4703
4752
5952
4704
4753
5953
4705
4754
5954
4706
4755
5955
4707
4756
5956
4708
4757
5957
4709
4758
5958
4710
4759
5959
4711
4760
5960
4712
4761
5961
4713
4762
5962
4714
4763
5963
4715
4764
5964
4716
4765
5965
4717
4766
5966
4718
4767
5967
4719
4768
5968
4720
4769
5969
4721
4770
5970
4722
4771
5971
4723
4772
5972
4724
4773
5973
4725
4774
5974
4726
4775
5975
4727
4776
5976
4728
4777
5977
4729
4778
5978
4730
4779
5979
4731
4780
5980
4732
4781
5981
4733
4782
5982
4734
4783
5983
4735
4784
5984
4736
4785
5985
4737
4786
5986
4738
4787
5987
4739
4788
5988
4740
4789
5989
4741
4790
5990
4742
4791
5991
4743
4792
5992
4744
4793
5993
4745
4794
5994
4746
4795
5995
4747
4796
5996
4748
4797
5997
4749
4798
5998
4799
5999
4751
4800
6000
4752
4801
6001
4753
4802
6002
4754
4803
6003
4755
4804
6004
4756
4805
6005
4757
4806
6006
4758
4807
6007
4759
4808
6008
4760
4809
6009
4761
4810
6010
4762
4811
6011
4763
4812
6012
4764
4813
6013
4765
4814
6014
4766
4815
6015
4767
4816
6016
4768
4817
6017
4769
4818
6018
4770
4819
6019
4771
4820
6020
4772
4821
6021
4773
4822
6022
4774
4823
6023
4775
4824
6024
4776
4825
6025
4777
4826
6026
4778
4827
6027
4779
4828
6028
4780
4829
6029
4781
4830
6030
4782
4831
6031
4783
4832
6032
4784
4833
6033
4785
4834
6034
4786
4835
6035
4787
4836
6036
4788
4837
6037
4789
4838
6038
4790
4839
6039
4791
4840
6040
4792
4841
6041
4793
4842
6042
4794
4843
6043
4795
4844
6044
4796
4845
6045
4797
4846
6046
4798
4847
6047
4799
4848
6048
4849
6049
4801
4850
6050
4802
4851
6051
4803
4852
6052
4804
4853
6053
4805
4854
6054
4806
4855
6055
4807
4856
6056
4808
4857
6057
4809
4858
6058
4810
4859
6059
4811
4860
6060
4812
4861
6061
4813
4862
6062
4814
4863
6063
4815
4864
6064
4816
4865
6065
4817
4866
6066
4818
4867
6067
4819
4868
6068
4820
4869
6069
4821
4870
6070
4822
4871
6071
4823
4872
6072
4824
4873
6073
4825
4874
6074
4826
4875
6075
4827
4876
6076
4828
4877
6077
4829
4878
6078
4830
4879
6079
4831
4880
6080
4832
4881
6081
4833
4882
6082
4834
4883
6083
4835
4884
6084
4836
4885
6085
4837
4886
6086
4838
4887
6087
4839
4888
6088
4840
4889
6089
4841
4890
6090
4842
4891
6091
4843
4892
6092
4844
4893
6093
4845
4894
6094
4846
4895
6095
4847
4896
6096
4848
4897
6097
4849
4898
6098
4899
6099
4851
4900
6100
4852
4901
6101
4853
4902
6102
4854
4903
6103
4855
4904
6104
4856
4905
6105
4857
4906
6106
4858
4907
6107
4859
4908
6108
4860
4909
6109
4861
4910
6110
4862
4911
6111
4863
4912
6112
4864
4913
6113
4865
4914
6114
4866
4915
6115
4867
4916
6116
4868
4917
6117
4869
4918
6118
4870
4919
6119
4871
4920
6120
4872
4921
6121
4873
4922
6122
4874
4923
6123
4875
4924
6124
4876
4925
6125
4877
4926
6126
4878
4927
6127
4879
4928
6128
4880
4929
6129
4881
4930
6130
4882
4931
6131
4883
4932
6132
4884
4933
6133
4885
4934
6134
4886
4935
6135
4887
4936
6136
4888
4937
6137
4889
4938
6138
4890
4939
6139
4891
4940
6140
4892
4941
6141
4893
4942
6142
4894
4943
6143
4895
4944
6144
4896
4945
6145
4897
4946
6146
4898
4947
6147
4899
4948
6148
4949
6149
4901
4950
6150
4902
4951
6151
4903
4952
6152
4904
4953
6153
4905
4954
6154
4906
4955
6155
4907
4956
6156
4908
4957
6157
4909
4958
6158
4910
4959
6159
4911
4960
6160
4912
4961
6161
4913
4962
6162
4914
4963
6163
4915
4964
6164
4916
4965
6165
4917
4966
6166
4918
4967
6167
4919
4968
6168
4920
4969
6169
4921
4970
6170
4922
4971
6171
4923
4972
6172
4924
4973
6173
4925
4974
6174
4926
4975
6175
4927
4976
6176
4928
4977
6177
4929
4978
6178
4930
4979
6179
4931
4980
6180
4932
4981
6181
4933
4982
6182
4934
4983
6183
4935
4984
6184
4936
4985
6185
4937
4986
6186
4938
4987
6187
4939
4988
6188
4940
4989
6189
4941
4990
6190
4942
4991
6191
4943
4992
6192
4944
4993
6193
4945
4994
6194
4946
4995
6195
4947
4996
6196
4948
4997
6197
4949
4998
6198
4999
6199
4951
6200
4952
6201
4953
6202
4954
6203
4955
6204
4956
6205
4957
6206
4958
6207
4959
6208
4960
6209
4961
6210
4962
6211
4963
6212
4964
6213
4965
6214
4966
6215
4967
6216
4968
6217
4969
6218
4970
6219
4971
6220
4972
6221
4973
6222
4974
6223
4975
6224
4976
6225
4977
6226
4978
6227
4979
6228
4980
6229
4981
6230
4982
6231
4983
6232
4984
6233
4985
6234
4986
6235
4987
6236
4988
6237
4989
6238
4990
6239
4991
6240
4992
6241
4993
6242
4994
6243
4995
6244
4996
6245
4997
6246
4998
6247
4999
6248
6249
5001
5050
5002
5051
5003
5052
5004
5053
5005
5054
5006
5055
5007
5056
5008
5057
5009
5058
5010
5059
5011
5060
5012
5061
5013
5062
5014
5063
5015
5064
5016
5065
5017
5066
5018
5067
5019
5068
5020
5069
5021
5070
5022
5071
5023
5072
5024
5073
5025
5074
5026
5075
5027
5076
5028
5077
5029
5078
5030
5079
5031
5080
5032
5081
5033
5082
5034
5083
5035
5084
5036
5085
5037
5086
5038
5087
5039
5088
5040
5089
5041
5090
5042
5091
5043
5092
5044
5093
5045
5094
5046
5095
5047
5096
5048
5097
5049
5098
5099
5051
5100
5052
5101
5053
5102
5054
5103
5055
5104
5056
5105
5057
5106
5058
5107
5059
5108
5060
5109
5061
5110
5062
5111
5063
5112
5064
5113
5065
5114
5066
5115
5067
5116
5068
5117
5069
5118
5070
5119
5071
5120
5072
5121
5073
5122
5074
5123
5075
5124
5076
5125
5077
5126
5078
5127
5079
5128
5080
5129
5081
5130
5082
5131
5083
5132
5084
5133
5085
5134
5086
5135
5087
5136
5088
5137
5089
5138
5090
5139
5091
5140
5092
5141
5093
5142
5094
5143
5095
5144
5096
5145
5097
5146
5098
5147
5099
5148
5149
5101
5150
5102
5151
5103
5152
5104
5153
5105
5154
5106
5155
5107
5156
5108
5157
5109
5158
5110
5159
5111
5160
5112
5161
5113
5162
5114
5163
5115
5164
5116
5165
5117
5166
5118
5167
5119
5168
5120
5169
5121
5170
5122
5171
5123
5172
5124
5173
5125
5174
5126
5175
5127
5176
5128
5177
5129
5178
5130
5179
5131
5180
5132
5181
5133
5182
5134
5183
5135
5184
5136
5185
5137
5186
5138
5187
5139
5188
5140
5189
5141
5190
5142
5191
5143
5192
5144
5193
5145
5194
5146
5195
5147
5196
5148
5197
5149
5198
5199
5151
5200
5152
5201
5153
5202
5154
5203
5155
5204
5156
5205
5157
5206
5158
5207
5159
5208
5160
5209
5161
5210
5162
5211
5163
5212
5164
5213
5165
5214
5166
5215
5167
5216
5168
5217
5169
5218
5170
5219
5171
5220
5172
5221
5173
5222
5174
5223
5175
5224
5176
5225
5177
5226
5178
5227
5179
5228
5180
5229
5181
5230
5182
5231
5183
5232
5184
5233
5185
5234
5186
5235
5187
5236
5188
5237
5189
5238
5190
5239
5191
5240
5192
5241
5193
5242
5194
5243
5195
5244
5196
5245
5197
5246
5198
5247
5199
5248
5249
5201
5250
5202
5251
5203
5252
5204
5253
5205
5254
5206
5255
5207
5256
5208
5257
5209
5258
5210
5259
5211
5260
5212
5261
5213
5262
5214
5263
5215
5264
5216
5265
5217
5266
5218
5267
5219
5268
5220
5269
5221
5270
5222
5271
5223
5272
5224
5273
5225
5274
5226
5275
5227
5276
5228
5277
5229
5278
5230
5279
5231
5280
5232
5281
5233
5282
5234
5283
5235
5284
5236
5285
5237
5286
5238
5287
5239
5288
5240
5289
5241
5290
5242
5291
5243
5292
5244
5293
5245
5294
5246
5295
5247
5296
5248
5297
5249
5298
5299
5251
5300
5252
5301
5253
5302
5254
5303
5255
5304
5256
5305
5257
5306
5258
5307
5259
5308
5260
5309
5261
5310
5262
5311
5263
5312
5264
5313
5265
5314
5266
5315
5267
5316
5268
5317
5269
5318
5270
5319
5271
5320
5272
5321
5273
5322
5274
5323
5275
5324
5276
5325
5277
5326
5278
5327
5279
5328
5280
5329
5281
5330
5282
5331
5283
5332
5284
5333
5285
5334
5286
5335
5287
5336
5288
5337
5289
5338
5290
5339
5291
5340
5292
5341
5293
5342
5294
5343
5295
5344
5296
5345
5297
5346
5298
5347
5299
5348
5349
5301
5350
5302
5351
5303
5352
5304
5353
5305
5354
5306
5355
5307
5356
5308
5357
5309
5358
5310
5359
5311
5360
5312
5361
5313
5362
5314
5363
5315
5364
5316
5365
5317
5366
5318
5367
5319
5368
5320
5369
5321
5370
5322
5371
5323
5372
5324
5373
5325
5374
5326
5375
5327
5376
5328
5377
5329
5378
5330
5379
5331
5380
5332
5381
5333
5382
5334
5383
5335
5384
5336
5385
5337
5386
5338
5387
5339
5388
5340
5389
5341
5390
5342
5391
5343
5392
5344
5393
5345
5394
5346
5395
5347
5396
5348
5397
5349
5398
5399
5351
5400
5352
5401
5353
5402
5354
5403
5355
5404
5356
5405
5357
5406
5358
5407
5359
5408
5360
5409
5361
5410
5362
5411
5363
5412
5364
5413
5365
5414
5366
5415
5367
5416
5368
5417
5369
5418
5370
5419
5371
5420
5372
5421
5373
5422
5374
5423
5375
5424
5376
5425
5377
5426
5378
5427
5379
5428
5380
5429
5381
5430
5382
5431
5383
5432
5384
5433
5385
5434
5386
5435
5387
5436
5388
5437
5389
5438
5390
5439
5391
5440
5392
5441
5393
5442
5394
5443
5395
5444
5396
5445
5397
5446
5398
5447
5399
5448
5449
5401
5450
5402
5451
5403
5452
5404
5453
5405
5454
5406
5455
5407
5456
5408
5457
5409
5458
5410
5459
5411
5460
5412
5461
5413
5462
5414
5463
5415
5464
5416
5465
5417
5466
5418
5467
5419
5468
5420
5469
5421
5470
5422
5471
5423
5472
5424
5473
5425
5474
5426
5475
5427
5476
5428
5477
5429
5478
5430
5479
5431
5480
5432
5481
5433
5482
5434
5483
5435
5484
5436
5485
5437
5486
5438
5487
5439
5488
5440
5489
5441
5490
5442
5491
5443
5492
5444
5493
5445
5494
5446
5495
5447
5496
5448
5497
5449
5498
5499
5451
5500
5452
5501
5453
5502
5454
5503
5455
5504
5456
5505
5457
5506
5458
5507
5459
5508
5460
5509
5461
5510
5462
5511
5463
5512
5464
5513
5465
5514
5466
5515
5467
5516
5468
5517
5469
5518
5470
5519
5471
5520
5472
5521
5473
5522
5474
5523
5475
5524
5476
5525
5477
5526
5478
5527
5479
5528
5480
5529
5481
5530
5482
5531
5483
5532
5484
5533
5485
5534
5486
5535
5487
5536
5488
5537
5489
5538
5490
5539
5491
5540
5492
5541
5493
5542
5494
5543
5495
5544
5496
5545
5497
5546
5498
5547
5499
5548
5549
5501
5550
5502
5551
5503
5552
5504
5553
5505
5554
5506
5555
5507
5556
5508
5557
5509
5558
5510
5559
5511
5560
5512
5561
5513
5562
5514
5563
5515
5564
5516
5565
5517
5566
5518
5567
5519
5568
5520
5569
5521
5570
5522
5571
5523
5572
5524
5573
5525
5574
5526
5575
5527
5576
5528
5577
5529
5578
5530
5579
5531
5580
5532
5581
5533
5582
5534
5583
5535
5584
5536
5585
5537
5586
5538
5587
5539
5588
5540
5589
5541
5590
5542
5591
5543
5592
5544
5593
5545
5594
5546
5595
5547
5596
5548
5597
5549
5598
5599
5551
5600
5552
5601
5553
5602
5554
5603
5555
5604
5556
5605
5557
5606
5558
5607
5559
5608
5560
5609
5561
5610
5562
5611
5563
5612
5564
5613
5565
5614
5566
5615
5567
5616
5568
5617
5569
5618
5570
5619
5571
5620
5572
5621
5573
5622
5574
5623
5575
5624
5576
5625
5577
5626
5578
5627
5579
5628
5580
5629
5581
5630
5582
5631
5583
5632
5584
5633
5585
5634
5586
5635
5587
5636
5588
5637
5589
5638
5590
5639
5591
5640
5592
5641
5593
5642
5594
5643
5595
5644
5596
5645
5597
5646
5598
5647
5599
5648
5649
5601
5650
5602
5651
5603
5652
5604
5653
5605
5654
5606
5655
5607
5656
5608
5657
5609
5658
5610
5659
5611
5660
5612
5661
5613
5662
5614
5663
5615
5664
5616
5665
5617
5666
5618
5667
5619
5668
5620
5669
5621
5670
5622
5671
5623
5672
5624
5673
5625
5674
5626
5675
5627
5676
5628
5677
5629
5678
5630
5679
5631
5680
5632
5681
5633
5682
5634
5683
5635
5684
5636
5685
5637
5686
5638
5687
5639
5688
5640
5689
5641
5690
5642
5691
5643
5692
5644
5693
5645
5694
5646
5695
5647
5696
5648
5697
5649
5698
5699
5651
5700
5652
5701
5653
5702
5654
5703
5655
5704
5656
5705
5657
5706
5658
5707
5659
5708
5660
5709
5661
5710
5662
5711
5663
5712
5664
5713
5665
5714
5666
5715
5667
5716
5668
5717
5669
5718
5670
5719
5671
5720
5672
5721
5673
5722
5674
5723
5675
5724
5676
5725
5677
5726
5678
5727
5679
5728
5680
5729
5681
5730
5682
5731
5683
5732
5684
5733
5685
5734
5686
5735
5687
5736
5688
5737
5689
5738
5690
5739
5691
5740
5692
5741
5693
5742
5694
5743
5695
5744
5696
5745
5697
5746
5698
5747
5699
5748
5749
5701
5750
5702
5751
5703
5752
5704
5753
5705
5754
5706
5755
5707
5756
5708
5757
5709
5758
5710
5759
5711
5760
5712
5761
5713
5762
5714
5763
5715
5764
5716
5765
5717
5766
5718
5767
5719
5768
5720
5769
5721
5770
5722
5771
5723
5772
5724
5773
5725
5774
5726
5775
5727
5776
5728
5777
5729
5778
5730
5779
5731
5780
5732
5781
5733
5782
5734
5783
5735
5784
5736
5785
5737
5786
5738
5787
5739
5788
5740
5789
5741
5790
5742
5791
5743
5792
5744
5793
5745
5794
5746
5795
5747
5796
5748
5797
5749
5798
5799
5751
5800
5752
5801
5753
5802
5754
5803
5755
5804
5756
5805
5757
5806
5758
5807
5759
5808
5760
5809
5761
5810
5762
5811
5763
5812
5764
5813
5765
5814
5766
5815
5767
5816
5768
5817
5769
5818
5770
5819
5771
5820
5772
5821
5773
5822
5774
5823
5775
5824
5776
5825
5777
5826
5778
5827
5779
5828
5780
5829
5781
5830
5782
5831
5783
5832
5784
5833
5785
5834
5786
5835
5787
5836
5788
5837
5789
5838
5790
5839
5791
5840
5792
5841
5793
5842
5794
5843
5795
5844
5796
5845
5797
5846
5798
5847
5799
5848
5849
5801
5850
5802
5851
5803
5852
5804
5853
5805
5854
5806
5855
5807
5856
5808
5857
5809
5858
5810
5859
5811
5860
5812
5861
5813
5862
5814
5863
5815
5864
5816
5865
5817
5866
5818
5867
5819
5868
5820
5869
5821
5870
5822
5871
5823
5872
5824
5873
5825
5874
5826
5875
5827
5876
5828
5877
5829
5878
5830
5879
5831
5880
5832
5881
5833
5882
5834
5883
5835
5884
5836
5885
5837
5886
5838
5887
5839
5888
5840
5889
5841
5890
5842
5891
5843
5892
5844
5893
5845
5894
5846
5895
5847
5896
5848
5897
5849
5898
5899
5851
5900
5852
5901
5853
5902
5854
5903
5855
5904
5856
5905
5857
5906
5858
5907
5859
5908
5860
5909
5861
5910
5862
5911
5863
5912
5864
5913
5865
5914
5866
5915
5867
5916
5868
5917
5869
5918
5870
5919
5871
5920
5872
5921
5873
5922
5874
5923
5875
5924
5876
5925
5877
5926
5878
5927
5879
5928
5880
5929
5881
5930
5882
5931
5883
5932
5884
5933
5885
5934
5886
5935
5887
5936
5888
5937
5889
5938
5890
5939
5891
5940
5892
5941
5893
5942
5894
5943
5895
5944
5896
5945
5897
5946
5898
5947
5899
5948
5949
5901
5950
5902
5951
5903
5952
5904
5953
5905
5954
5906
5955
5907
5956
5908
5957
5909
5958
5910
5959
5911
5960
5912
5961
5913
5962
5914
5963
5915
5964
5916
5965
5917
5966
5918
5967
5919
5968
5920
5969
5921
5970
5922
5971
5923
5972
5924
5973
5925
5974
5926
5975
5927
5976
5928
5977
5929
5978
5930
5979
5931
5980
5932
5981
5933
5982
5934
5983
5935
5984
5936
5985
5937
5986
5938
5987
5939
5988
5940
5989
5941
5990
5942
5991
5943
5992
5944
5993
5945
5994
5946
5995
5947
5996
5948
5997
5949
5998
5999
5951
6000
5952
6001
5953
6002
5954
6003
5955
6004
5956
6005
5957
6006
5958
6007
5959
6008
5960
6009
5961
6010
5962
6011
5963
6012
5964
6013
5965
6014
5966
6015
5967
6016
5968
6017
5969
6018
5970
6019
5971
6020
5972
6021
5973
6022
5974
6023
5975
6024
5976
6025
5977
6026
5978
6027
5979
6028
5980
6029
5981
6030
5982
6031
5983
6032
5984
6033
5985
6034
5986
6035
5987
6036
5988
6037
5989
6038
5990
6039
5991
6040
5992
6041
5993
6042
5994
6043
5995
6044
5996
6045
5997
6046
5998
6047
5999
6048
6049
6001
6050
6002
6051
6003
6052
6004
6053
6005
6054
6006
6055
6007
6056
6008
6057
6009
6058
6010
6059
6011
6060
6012
6061
6013
6062
6014
6063
6015
6064
6016
6065
6017
6066
6018
6067
6019
6068
6020
6069
6021
6070
6022
6071
6023
6072
6024
6073
6025
6074
6026
6075
6027
6076
6028
6077
6029
6078
6030
6079
6031
6080
6032
6081
6033
6082
6034
6083
6035
6084
6036
6085
6037
6086
6038
6087
6039
6088
6040
6089
6041
6090
6042
6091
6043
6092
6044
6093
6045
6094
6046
6095
6047
6096
6048
6097
6049
6098
6099
6051
6100
6052
6101
6053
6102
6054
6103
6055
6104
6056
6105
6057
6106
6058
6107
6059
6108
6060
6109
6061
6110
6062
6111
6063
6112
6064
6113
6065
6114
6066
6115
6067
6116
6068
6117
6069
6118
6070
6119
6071
6120
6072
6121
6073
6122
6074
6123
6075
6124
6076
6125
6077
6126
6078
6127
6079
6128
6080
6129
6081
6130
6082
6131
6083
6132
6084
6133
6085
6134
6086
6135
6087
6136
6088
6137
6089
6138
6090
6139
6091
6140
6092
6141
6093
6142
6094
6143
6095
6144
6096
6145
6097
6146
6098
6147
6099
6148
6149
6101
6150
6102
6151
6103
6152
6104
6153
6105
6154
6106
6155
6107
6156
6108
6157
6109
6158
6110
6159
6111
6160
6112
6161
6113
6162
6114
6163
6115
6164
6116
6165
6117
6166
6118
6167
6119
6168
6120
6169
6121
6170
6122
6171
6123
6172
6124
6173
6125
6174
6126
6175
6127
6176
6128
6177
6129
6178
6130
6179
6131
6180
6132
6181
6133
6182
6134
6183
6135
6184
6136
6185
6137
6186
6138
6187
6139
6188
6140
6189
6141
6190
6142
6191
6143
6192
6144
6193
6145
6194
6146
6195
6147
6196
6148
6197
6149
6198
6199
6151
6200
6152
6201
6153
6202
6154
6203
6155
6204
6156
6205
6157
6206
6158
6207
6159
6208
6160
6209
6161
6210
6162
6211
6163
6212
6164
6213
6165
6214
6166
6215
6167
6216
6168
6217
6169
6218
6170
6219
6171
6220
6172
6221
6173
6222
6174
6223
6175
6224
6176
6225
6177
6226
6178
6227
6179
6228
6180
6229
6181
6230
6182
6231
6183
6232
6184
6233
6185
6234
6186
6235
6187
6236
6188
6237
6189
6238
6190
6239
6191
6240
6192
6241
6193
6242
6194
6243
6195
6244
6196
6245
6197
6246
6198
6247
6199
6248
6249
6201
6202
6203
6204
6205
6206
6207
6208
6209
6210
6211
6212
6213
6214
6215
6216
6217
6218
6219
6220
6221
6222
6223
6224
6225
6226
6227
6228
6229
6230
6231
6232
6233
6234
6235
6236
6237
6238
6239
6240
6241
6242
6243
6244
6245
6246
6247
6248
6249
)


// ************************************************************************* //
